.09   0.0000    0.5100    4.2300    6.3700    4.2300    1.8300    0.2000    0.0000    0.0000    0.0000    0.0000   17.3700 
.14   0.0000    0.7500    5.2800    5.4700    2.4900    0.6800    0.0500    0.0000    0.0000    0.0000    0.0000   14.7200 
.18   0.0400    1.1100    5.0600    2.5800    0.9200    0.1200    0.0100    0.0000    0.0000    0.0000    0.0000    9.8400 
.23   0.0200    1.5900    4.7300    1.9500    0.7000    0.0600    0.0000    0.0000    0.0000    0.0000    0.0000    9.0500 
.27   0.0500    1.5000    4.8000    1.0900    0.3500    0.0100    0.0000    0.0000    0.0000    0.0000    0.0000    7.8000 
.32   0.0700    1.8400    3.4800    0.5500    0.1800    0.0300    0.0000    0.0000    0.0000    0.0000    0.0000    6.1500 
.36   0.0900    1.4700    2.9100    0.3700    0.0900    0.0100    0.0000    0.0000    0.0000    0.0000    0.0000    4.9400 
.41   0.1700    1.8600    2.5400    0.1800    0.0800    0.0000    0.0000    0.0000    0.0000    0.0000    0.0000    4.8300 
.45   0.1500    2.2500    2.3200    0.2100    0.0400    0.0000    0.0000    0.0000    0.0000    0.0000    0.0000    4.9700 
.50   0.1800    1.3400    1.3300    0.2000    0.1500    0.0000    0.0000    0.0000    0.0000    0.0000    0.0000    3.2000 
.54   0.1900    1.4000    1.7100    0.1300    0.0300    0.0000    0.0000    0.0000    0.0000    0.0000    0.0000    3.4600 
.59   0.2000    1.3100    1.7500    0.1300    0.0400    0.0000    0.0000    0.0000    0.0000    0.0000    0.0000    3.4300 
.63   0.2600    1.1600    1.0200    0.1300    0.0400    0.0000    0.0000    0.0000    0.0000    0.0000    0.0000    2.6100 
.68   0.2000    1.3900    1.4700    0.0700    0.0300    0.0000    0.0000    0.0000    0.0000    0.0000    0.0000    3.1600 
.72   0.1900    1.0200    0.8600    0.0000    0.0100    0.0000    0.0000    0.0000    0.0000    0.0000    0.0000    2.0800 
.77   0.2700    1.0400    0.4700    0.0000    0.0000    0.0000    0.0000    0.0000    0.0000    0.0000    0.0000    1.7800 
.81   0.1400    0.8000    0.6500    0.0100    0.0200    0.0000    0.0000    0.0000    0.0000    0.0000    0.0000    1.6200 
.86   0.2700    0.7500    0.6700    0.0300    0.0000    0.0000    0.0000    0.0000    0.0000    0.0000    0.0000    1.7200 
.90   0.3000    0.6500    0.3300    0.0000    0.0000    0.0000    0.0000    0.0000    0.0000    0.0000    0.0000    1.2800 
.95   0.2000    0.7800    0.5000    0.0000    0.0000    0.0000    0.0000    0.0000    0.0000    0.0000    0.0000    1.4800 
.99   0.1500    0.7400    0.4800    0.0100    0.0000    0.0000    0.0000    0.0000    0.0000    0.0000    0.0000    1.3800 
1.19   0.2800    0.4000    0.0300    0.0000    0.0000    0.0000    0.0000    0.0000    0.0000    0.0000    0.0000    0.7100 
1.39   0.2200    0.4100    0.0300    0.0000    0.0000    0.0000    0.0000    0.0000    0.0000    0.0000    0.0000    0.6600 
1.59   0.1900    0.2400    0.0400    0.0000    0.0000    0.0000    0.0000    0.0000    0.0000    0.0000    0.0000    0.4700 
1.79   0.1300    0.0800    0.0100    0.0000    0.0000    0.0000    0.0000    0.0000    0.0000    0.0000    0.0000    0.2200 
2.00   0.1300    0.0000    0.0000    0.0000    0.0000    0.0000    0.0000    0.0000    0.0000    0.0000    0.0000    0.1300 
2.19   0.1400    0.0000    0.0000    0.0000    0.0000    0.0000    0.0000    0.0000    0.0000    0.0000    0.0000    0.1400 
2.39   0.0400    0.1000    0.0000    0.0000    0.0000    0.0000    0.0000    0.0000    0.0000    0.0000    0.0000    0.1400 
2.59   0.0400    0.0000    0.0000    0.0000    0.0000    0.0000    0.0000    0.0000    0.0000    0.0000    0.0000    0.0400 
2.79   0.0200    0.0000    0.0000    0.0000    0.0000    0.0000    0.0000    0.0000    0.0000    0.0000    0.0000    0.0200 
3.00   0.0000    0.0000    0.0000    0.0000    0.0000    0.0000    0.0000    0.0000    0.0000    0.0000    0.0000    0.0000 
3.19   0.0200    0.0000    0.0000    0.0000    0.0000    0.0000    0.0000    0.0000    0.0000    0.0000    0.0000    0.0200 
3.39   0.0200    0.0000    0.0000    0.0000    0.0000    0.0000    0.0000    0.0000    0.0000    0.0000    0.0000    0.0200 
3.59   0.0000    0.0000    0.0000    0.0000    0.0000    0.0000    0.0000    0.0000    0.0000    0.0000    0.0000    0.0000 
3.79   0.0000    0.0000    0.0000    0.0000    0.0000    0.0000    0.0000    0.0000    0.0000    0.0000    0.0000    0.0000 
4.00   0.0000    0.0000    0.0000    0.0000    0.0000    0.0000    0.0000    0.0000    0.0000    0.0000    0.0000    0.0000 
4.19   0.0000    0.0000    0.0000    0.0000    0.0000    0.0000    0.0000    0.0000    0.0000    0.0000    0.0000    0.0000 
4.39   0.0000    0.0000    0.0000    0.0000    0.0000    0.0000    0.0000    0.0000    0.0000    0.0000    0.0000    0.0000 
4.59   0.0000    0.0000    0.0000    0.0000    0.0000    0.0000    0.0000    0.0000    0.0000    0.0000    0.0000    0.0000 
4.79   0.0000    0.0000    0.0000    0.0000    0.0000    0.0000    0.0000    0.0000    0.0000    0.0000    0.0000    0.0000 
5.00   0.0000    0.0000    0.0000    0.0000    0.0000    0.0000    0.0000    0.0000    0.0000    0.0000    0.0000    0.0000 
