.09   0.0000    0.5100    3.5200    4.7400    2.9800    2.4200    1.3800    0.7700    0.3100    0.0800    0.0000   16.7100    3.1400 
.14   0.0000    0.7500    4.5000    4.2400    1.5400    1.0700    0.5700    0.2100    0.0500    0.0000    0.0000   12.9300    2.2700 
.18   0.0400    1.1100    4.2600    1.9800    0.6300    0.2700    0.1900    0.0900    0.0000    0.0000    0.0000    8.5700    1.3200 
.23   0.0200    1.5900    3.8700    1.5800    0.5000    0.1800    0.0600    0.0500    0.0500    0.0000    0.0000    7.9000    1.2100 
.27   0.0500    1.5000    4.0500    0.8800    0.2100    0.1500    0.0600    0.0100    0.0000    0.0000    0.0000    6.9100    0.9400 
.32   0.0700    1.8400    3.0100    0.4600    0.1400    0.0500    0.0300    0.0000    0.0000    0.0000    0.0000    5.6000    0.5700 
.36   0.0900    1.4700    2.2200    0.3200    0.0600    0.0500    0.0200    0.0100    0.0000    0.0000    0.0000    4.2400    0.7100 
.41   0.1700    1.8600    1.9300    0.1400    0.0500    0.0300    0.0000    0.0000    0.0000    0.0000    0.0000    4.1800    0.6500 
.45   0.1500    2.2500    1.7400    0.1600    0.0400    0.0000    0.0200    0.0000    0.0000    0.0000    0.0000    4.3600    0.6200 
.50   0.1800    1.3400    1.1700    0.1600    0.1000    0.0000    0.0100    0.0000    0.0000    0.0000    0.0000    2.9600    0.2000 
.54   0.1900    1.4000    1.2500    0.0900    0.0300    0.0000    0.0000    0.0000    0.0000    0.0000    0.0000    2.9600    0.4500 
.59   0.2000    1.3100    1.3700    0.1200    0.0200    0.0200    0.0000    0.0000    0.0000    0.0000    0.0000    3.0400    0.4000 
.63   0.2600    1.1600    0.7700    0.1200    0.0200    0.0200    0.0000    0.0000    0.0000    0.0000    0.0000    2.3500    0.2600 
.68   0.2000    1.3900    1.2600    0.0700    0.0100    0.0000    0.0000    0.0000    0.0000    0.0000    0.0000    2.9300    0.2100 
.72   0.1900    1.0200    0.5800    0.0000    0.0100    0.0000    0.0000    0.0000    0.0000    0.0000    0.0000    1.8000    0.2700 
.77   0.2700    1.0400    0.3900    0.0000    0.0000    0.0000    0.0000    0.0000    0.0000    0.0000    0.0000    1.7000    0.0800 
.81   0.1400    0.8000    0.5800    0.0100    0.0200    0.0000    0.0000    0.0000    0.0000    0.0000    0.0000    1.5500    0.0700 
.86   0.2700    0.7500    0.5300    0.0300    0.0000    0.0100    0.0000    0.0000    0.0000    0.0000    0.0000    1.5900    0.1300 
.90   0.3000    0.6500    0.2600    0.0000    0.0000    0.0000    0.0000    0.0000    0.0000    0.0000    0.0000    1.2100    0.0700 
.95   0.2000    0.7800    0.4300    0.0000    0.0000    0.0000    0.0000    0.0000    0.0000    0.0000    0.0000    1.4100    0.0700 
.99   0.1500    0.7400    0.3700    0.0100    0.0000    0.0000    0.0000    0.0000    0.0000    0.0000    0.0000    1.2700    0.1100 
1.19   0.2800    0.4000    0.0300    0.0000    0.0000    0.0000    0.0000    0.0000    0.0000    0.0000    0.0000    0.7100    0.0000 
1.39   0.2200    0.4100    0.0300    0.0000    0.0000    0.0000    0.0000    0.0000    0.0000    0.0000    0.0000    0.6600    0.0000 
1.59   0.1900    0.2400    0.0400    0.0000    0.0000    0.0000    0.0000    0.0000    0.0000    0.0000    0.0000    0.4700    0.0000 
1.79   0.1300    0.0800    0.0100    0.0000    0.0000    0.0000    0.0000    0.0000    0.0000    0.0000    0.0000    0.2200    0.0000 
2.00   0.1300    0.0000    0.0000    0.0000    0.0000    0.0000    0.0000    0.0000    0.0000    0.0000    0.0000    0.1300    0.0000 
2.19   0.1400    0.0000    0.0000    0.0000    0.0000    0.0000    0.0000    0.0000    0.0000    0.0000    0.0000    0.1400    0.0000 
2.39   0.0400    0.1000    0.0000    0.0000    0.0000    0.0000    0.0000    0.0000    0.0000    0.0000    0.0000    0.1400    0.0000 
2.59   0.0400    0.0000    0.0000    0.0000    0.0000    0.0000    0.0000    0.0000    0.0000    0.0000    0.0000    0.0400    0.0000 
2.79   0.0200    0.0000    0.0000    0.0000    0.0000    0.0000    0.0000    0.0000    0.0000    0.0000    0.0000    0.0200    0.0000 
3.00   0.0000    0.0000    0.0000    0.0000    0.0000    0.0000    0.0000    0.0000    0.0000    0.0000    0.0000    0.0000    0.0000 
3.19   0.0200    0.0000    0.0000    0.0000    0.0000    0.0000    0.0000    0.0000    0.0000    0.0000    0.0000    0.0200    0.0000 
3.39   0.0200    0.0000    0.0000    0.0000    0.0000    0.0000    0.0000    0.0000    0.0000    0.0000    0.0000    0.0200    0.0000 
3.59   0.0000    0.0000    0.0000    0.0000    0.0000    0.0000    0.0000    0.0000    0.0000    0.0000    0.0000    0.0000    0.0000 
3.79   0.0000    0.0000    0.0000    0.0000    0.0000    0.0000    0.0000    0.0000    0.0000    0.0000    0.0000    0.0000    0.0000 
4.00   0.0000    0.0000    0.0000    0.0000    0.0000    0.0000    0.0000    0.0000    0.0000    0.0000    0.0000    0.0000    0.0000 
4.19   0.0000    0.0000    0.0000    0.0000    0.0000    0.0000    0.0000    0.0000    0.0000    0.0000    0.0000    0.0000    0.0000 
4.39   0.0000    0.0000    0.0000    0.0000    0.0000    0.0000    0.0000    0.0000    0.0000    0.0000    0.0000    0.0000    0.0000 
4.59   0.0000    0.0000    0.0000    0.0000    0.0000    0.0000    0.0000    0.0000    0.0000    0.0000    0.0000    0.0000    0.0000 
4.79   0.0000    0.0000    0.0000    0.0000    0.0000    0.0000    0.0000    0.0000    0.0000    0.0000    0.0000    0.0000    0.0000 
5.00   0.0000    0.0000    0.0000    0.0000    0.0000    0.0000    0.0000    0.0000    0.0000    0.0000    0.0000    0.0000    0.0000 
