.09   0.0000    0.5100   12.5500  103.0400  403.3500  825.9500  1031.8700  885.4800  558.9800  244.2300   44.0400  4110.0000 
.14   0.0000    0.7500   16.8600  124.5500  440.5400  803.6100  922.7100  771.5300  490.9700  217.7700   39.5200  3828.8100 
.18   0.0400    1.8700   27.7900  168.2900  509.9800  804.6600  829.1300  648.9200  402.8300  179.7600   33.2400  3606.5100 
.23   0.0200    1.9700   29.5900  172.0900  491.6300  734.4800  753.1700  613.2800  398.1400  184.2600   34.4300  3413.0600 
.27   0.0500    2.4100   32.0600  179.1500  511.1900  785.0600  846.6500  731.5700  506.6000  247.9800   46.5300  3889.2500 
.32   0.0700    3.0600   35.4100  181.2100  470.7400  680.6400  724.6300  629.2400  439.7800  217.4900   40.8100  3423.0800 
.36   0.0900    3.0000   33.7400  176.7200  493.7800  806.2600  971.4600  932.1600  699.6000  362.2800   68.0300  4547.1200 
.41   0.1700    4.7500   47.2000  224.8500  572.1200  868.2600  996.1800  928.7500  684.1100  350.3400   65.9000  4742.6300 
.45   0.1500    4.6500   46.9500  224.9200  573.4700  884.4800  1033.6700  971.8700  720.7300  370.2500   69.5600  4900.7000 
.50   0.1800    4.3000   39.9100  185.4000  478.9700  769.7600  935.7400  907.3900  687.0100  357.9000   67.1800  4433.7400 
.54   0.1900    4.4600   41.7200  196.8800  527.1100  881.9900  1101.3800  1085.2300  829.9800  434.8900   81.6400  5185.4700 
.59   0.2000    4.3700   41.3600  200.1000  552.7800  943.1900  1190.1900  1178.7900  903.9700  474.3700   89.1200  5578.4400 
.63   0.2600    5.6100   50.3200  232.4600  612.8100  1018.9600  1269.2100  1248.2900  953.0000  498.6700   93.6200  5983.2100 
.68   0.2000    4.6500   45.4100  224.6800  631.7200  1090.1700  1383.0600  1374.0000  1055.6400  554.7100  104.1600  6468.4000 
.72   0.1900    4.1700   38.1000  179.4000  483.7700  821.2300  1035.1700  1025.0900  785.8100  412.3500   77.4500  4862.7300 
.77   0.2700    5.8000   52.7500  247.3400  664.8900  1121.7300  1408.5100  1391.4000  1065.3600  558.5800  104.8800  6621.5100 
.81   0.1400    3.3100   32.3100  160.2800  453.4100  791.1500  1011.6500  1010.3000  778.7200  409.9000   76.9900  4728.1600 
.86   0.2700    5.6300   51.2800  242.5700  663.0600  1134.4100  1437.2000  1428.1000  1097.5100  576.6900  108.3100  6745.0300 
.90   0.3000    5.5500   46.5400  205.9600  542.3300  913.4300  1147.7700  1134.7000  868.8900  455.4300   85.4300  5406.3300 
.95   0.2000    4.4700   43.3500  215.8300  614.1300  1071.3000  1369.2100  1365.9500  1051.9300  553.3600  103.9000  6393.6300 
.99   0.1500    3.4500   33.3500  164.6100  461.5800  799.9100  1019.3500  1015.5300  781.4900  410.8700   77.1700  4767.4600 
1.19   0.2800    5.8500   53.9800  259.2000  720.4700  1244.0700  1582.2700  1574.7800  1211.1600  636.7000  119.5600  7408.3200 
1.39   0.2200    4.8100   45.5200  222.3600  622.9500  1078.9100  1374.5500  1369.3400  1053.7400  554.1200  104.0700  6430.5900 
1.59   0.1900    4.0400   37.7100  182.4800  509.5100  881.1500  1121.7200  1116.9700  859.2800  451.7400   84.8300  5249.6200 
1.79   0.1300    2.6800   24.5700  117.3600  325.7500  562.1900  714.9400  711.5300  547.2500  287.6700   54.0100  3348.0800 
2.00   0.1300    2.6000   23.4000  110.2400  303.9400  523.3800  664.9500  661.4400  508.5600  267.2800   50.1800  3116.1000 
2.19   0.1400    2.8000   25.2000  118.7200  327.3200  563.6400  716.1000  712.3200  547.6800  287.8400   54.0400  3355.8000 
2.39   0.0400    0.9000    8.5500   41.7600  116.2000  200.6400  255.2000  254.0000  195.3600  102.7000   19.2900  1194.6400 
2.59   0.0400    0.8000    7.2000   33.9200   93.5200  161.0400  204.6000  203.5200  156.4800   82.2400   15.4400  958.8000 
2.79   0.0200    0.4000    3.6000   16.9600   46.7600   80.5200  102.3000  101.7600   78.2400   41.1200    7.7200  479.4000 
3.00   0.0000    0.0000    0.0000    0.0000    0.0000    0.0000    0.0000    0.0000    0.0000    0.0000    0.0000    0.0000 
3.19   0.0200    0.4000    3.6000   16.9600   46.7600   80.5200  102.3000  101.7600   78.2400   41.1200    7.7200  479.4000 
3.39   0.0200    0.4000    3.6000   16.9600   46.7600   80.5200  102.3000  101.7600   78.2400   41.1200    7.7200  479.4000 
3.59   0.0000    0.0000    0.0000    0.0000    0.0000    0.0000    0.0000    0.0000    0.0000    0.0000    0.0000    0.0000 
3.79   0.0000    0.0000    0.0000    0.0000    0.0000    0.0000    0.0000    0.0000    0.0000    0.0000    0.0000    0.0000 
4.00   0.0000    0.0000    0.0000    0.0000    0.0000    0.0000    0.0000    0.0000    0.0000    0.0000    0.0000    0.0000 
4.19   0.0000    0.0000    0.0000    0.0000    0.0000    0.0000    0.0000    0.0000    0.0000    0.0000    0.0000    0.0000 
4.39   0.0000    0.0000    0.0000    0.0000    0.0000    0.0000    0.0000    0.0000    0.0000    0.0000    0.0000    0.0000 
4.59   0.0000    0.0000    0.0000    0.0000    0.0000    0.0000    0.0000    0.0000    0.0000    0.0000    0.0000    0.0000 
4.79   0.0000    0.0000    0.0000    0.0000    0.0000    0.0000    0.0000    0.0000    0.0000    0.0000    0.0000    0.0000 
5.00   0.0000    0.0000    0.0000    0.0000    0.0000    0.0000    0.0000    0.0000    0.0000    0.0000    0.0000    0.0000 
