.20     0.00      0.00      0.00      0.32      0.02      0.11      0.01      0.18      0.27      0.58      0.99      0.00      0.00      0.00      0.00      0.00      2.48 
.40     0.00      0.00      0.00      0.67      0.24      0.13      0.48      0.37      0.31      0.82      0.56      0.06      1.38      0.01      0.00      0.00      5.03 
.60     0.00      0.00      0.00      1.02      0.43      0.37      0.53      0.78      0.84      3.20      0.39      1.87      2.38      0.89      0.00      0.00     12.70 
.80     0.00      0.00      0.00      1.45      0.67      0.76      1.04      1.15      1.22      1.85      0.22      0.27      0.19      0.77      0.00      0.00      9.59 
1.00     0.00      0.00      0.01      1.63      1.21      1.08      1.26      1.72      2.96      3.78      1.97      5.12      3.49      2.80      0.09      0.00     27.12 
1.20     0.00      0.00      0.00      2.21      1.92      2.45      3.84      4.31      6.65      8.44      6.94      6.14      5.07      3.96      2.24      0.00     54.17 
1.40     0.00      0.00      0.00      2.76      2.66      3.77      6.16      8.21      9.45     10.56     13.05     11.35      9.95      6.81      1.24      0.00     85.97 
1.60     0.00      0.00      0.03      3.06      3.40      6.20     12.58     16.55     20.20     21.31     19.26     16.00      9.73      5.28      1.27      0.00    134.87 
1.80     0.00      0.00      0.02      3.74      7.35     14.63     24.31     37.17     44.56     40.72     28.79     22.42     10.68      3.97      0.94      0.00    239.30 
2.00     0.00      0.00      0.04      4.58     11.21     25.73     42.28     52.98     52.10     43.18     31.85     17.99     11.72      4.33      0.51      0.00    298.50 
2.20     0.00      0.00      0.06      5.98     21.70     54.38     78.00     82.34     69.46     45.93     27.62     13.24      5.82      2.59      0.32      0.00    407.44 
2.40     0.00      0.00      0.17      8.93     41.18     81.95    102.65     92.19     66.39     42.43     22.31      9.99      3.90      1.08      0.13      0.00    473.30 
2.60     0.00      0.00      0.54     17.39     78.25    121.13    117.84     82.90     47.48     23.17     10.81      4.43      1.38      0.35      0.04      0.00    505.71 
2.80     0.00      0.00      1.02     30.45    106.71    126.07     95.18     55.18     28.63     12.33      5.51      2.17      0.66      0.13      0.04      0.00    464.08 
3.00     0.00      0.02      2.49     50.48    144.95    112.15     63.14     30.91     12.66      6.06      1.61      0.49      0.24      0.05      0.00      0.00    425.25 
3.20     0.00      0.18      7.38     80.11    147.43     80.21     30.32     10.98      4.52      1.82      0.43      0.21      0.01      0.00      0.00      0.00    363.60 
3.40     0.01      0.40     15.35     79.81     75.14     31.60     14.05      4.81      1.90      0.55      0.24      0.03      0.04      0.00      0.00      0.00    223.93 
3.60     0.00      1.37     25.77     51.81     33.87     12.12      3.32      1.04      0.39      0.13      0.11      0.02      0.00      0.00      0.00      0.00    129.95 
3.80     0.04      2.22     22.63     30.42      8.47      1.74      0.51      0.33      0.06      0.02      0.01      0.00      0.00      0.00      0.00      0.00     66.45 
4.00     0.12      3.03     12.82     12.26      3.24      0.49      0.12      0.02      0.02      0.00      0.00      0.00      0.00      0.00      0.00      0.00     32.12 
4.20     0.19      2.99      4.40      2.45      0.41      0.08      0.00      0.03      0.00      0.00      0.00      0.00      0.00      0.00      0.00      0.00     10.55 
4.40     0.36      1.35      1.69      0.45      0.03      0.00      0.00      0.00      0.00      0.00      0.00      0.00      0.00      0.00      0.00      0.00      3.88 
4.60     0.25      1.10      0.39      0.05      0.00      0.00      0.00      0.00      0.00      0.00      0.00      0.00      0.00      0.00      0.00      0.00      1.79 
4.80     0.21      0.17      0.01      0.00      0.00      0.00      0.00      0.00      0.00      0.00      0.00      0.00      0.00      0.00      0.00      0.00      0.39 
5.00     0.05      0.08      0.03      0.00      0.00      0.00      0.00      0.00      0.00      0.00      0.00      0.00      0.00      0.00      0.00      0.00      0.16 
5.20     0.10      0.00      0.00      0.00      0.00      0.00      0.00      0.00      0.00      0.00      0.00      0.00      0.00      0.00      0.00      0.00      0.10 
5.40     0.07      0.00      0.00      0.00      0.00      0.00      0.00      0.00      0.00      0.00      0.00      0.00      0.00      0.00      0.00      0.00      0.07 
5.60     0.00      0.00      0.00      0.00      0.00      0.00      0.00      0.00      0.00      0.00      0.00      0.00      0.00      0.00      0.00      0.00      0.00 
5.80     0.01      0.00      0.00      0.00      0.00      0.00      0.00      0.00      0.00      0.00      0.00      0.00      0.00      0.00      0.00      0.00      0.01 
6.00     0.01      0.00      0.00      0.00      0.00      0.00      0.00      0.00      0.00      0.00      0.00      0.00      0.00      0.00      0.00      0.00      0.01 
6.20     0.00      0.00      0.00      0.00      0.00      0.00      0.00      0.00      0.00      0.00      0.00      0.00      0.00      0.00      0.00      0.00      0.00 
6.40     0.00      0.00      0.00      0.00      0.00      0.00      0.00      0.00      0.00      0.00      0.00      0.00      0.00      0.00      0.00      0.00      0.00 
6.60     0.00      0.00      0.00      0.00      0.00      0.00      0.00      0.00      0.00      0.00      0.00      0.00      0.00      0.00      0.00      0.00      0.00 
6.80     0.00      0.00      0.00      0.00      0.00      0.00      0.00      0.00      0.00      0.00      0.00      0.00      0.00      0.00      0.00      0.00      0.00 
7.00     0.00      0.00      0.00      0.00      0.00      0.00      0.00      0.00      0.00      0.00      0.00      0.00      0.00      0.00      0.00      0.00      0.00 
7.20     0.00      0.00      0.00      0.00      0.00      0.00      0.00      0.00      0.00      0.00      0.00      0.00      0.00      0.00      0.00      0.00      0.00 
7.40     0.00      0.00      0.00      0.00      0.00      0.00      0.00      0.00      0.00      0.00      0.00      0.00      0.00      0.00      0.00      0.00      0.00 
7.60     0.00      0.00      0.00      0.00      0.00      0.00      0.00      0.00      0.00      0.00      0.00      0.00      0.00      0.00      0.00      0.00      0.00 
7.80     0.00      0.00      0.00      0.00      0.00      0.00      0.00      0.00      0.00      0.00      0.00      0.00      0.00      0.00      0.00      0.00      0.00 
8.00     0.00      0.00      0.00      0.00      0.00      0.00      0.00      0.00      0.00      0.00      0.00      0.00      0.00      0.00      0.00      0.00      0.00 
