.20     0.00      0.00      0.00      0.32      5.14     28.52     95.96    239.41    471.58    769.73   1065.80   1278.47   1301.90   1061.64    584.17     87.60   6990.24 
.40     0.00      0.00      0.00      0.67     10.82     58.31    200.87    514.38   1033.96   1694.74   2317.70   2688.72   2627.31   2032.49   1076.03    157.12  14413.12 
.60     0.00      0.00      0.00      1.02     17.43    100.68    337.78    820.47   1603.59   2633.00   3673.29   4347.72   4313.08   3413.78   1826.69    262.90  23351.43 
.80     0.00      0.00      0.00      1.45     25.00    147.81    503.84   1219.67   2323.80   3681.48   4961.77   5721.69   5527.69   4226.73   2178.95    306.76  30826.64 
1.00     0.00      0.00      0.01      1.89     30.17    168.23    545.94   1306.80   2530.29   4144.34   5768.39   6787.89   6628.84   5089.92   2619.84    371.14  35993.69 
1.20     0.00      0.00      0.00      2.21     37.73    216.47    734.50   1822.09   3589.23   5842.60   8011.02   9254.28   8854.24   6665.50   3346.38    439.92  48816.17 
1.40     0.00      0.00      0.00      2.76     47.90    282.95    968.94   2359.94   4573.51   7346.15   9904.80  11231.61  10539.11   7742.98   3804.18    485.39  59290.22 
1.60     0.00      0.00      0.03      3.74     59.79    354.16   1240.92   3104.74   6020.30   9507.45  12477.21  13634.75  12185.99   8426.47   3859.28    464.57  71339.40 
1.80     0.00      0.00      0.02      4.15     71.11    425.77   1504.60   3822.53   7546.87  11909.70  15377.09  16264.89  13894.48   9142.48   3935.83    443.80  84343.32 
2.00     0.00      0.00      0.04      5.61     94.46    584.29   2114.35   5342.82  10123.07  15168.53  18487.32  18470.70  14958.16   9339.09   3847.47    410.56  98946.47 
2.20     0.00      0.00      0.06      7.42    128.28    801.18   2869.26   7070.53  12962.11  18520.04  21217.91  19650.99  14593.33   8314.32   3095.64    311.64  109542.71 
2.40     0.00      0.00      0.17     12.45    205.04   1217.72   4081.18   9193.01  15385.69  20113.91  21189.47  18236.81  12720.31   6873.40   2487.18    235.96  111952.30 
2.60     0.00      0.00      0.54     28.78    418.15   2239.68   6765.50  13699.37  20590.96  24274.74  23152.42  18197.14  11711.05   5898.26   1991.79    181.84  129150.22 
2.80     0.00      0.00      1.02     51.71    674.18   3184.13   8414.50  15051.27  20027.34  21032.58  18061.71  12870.40   7562.98   3496.60   1082.19     90.36  111600.97 
3.00     0.00      0.02      3.05    104.75   1129.84   4487.46  10061.64  15533.11  18258.65  17310.63  13666.36   9085.55   5031.57   2218.90    663.89     54.76  97610.18 
3.20     0.00      0.18     12.13    252.34   2018.81   6543.75  12580.17  17081.43  17894.56  15288.24  10997.70   6763.45   3530.31   1491.58    430.41     33.34  94918.40 
3.40     0.01      0.61     27.60    433.34   2653.10   6908.15  11106.10  13108.87  12394.12   9805.36   6650.23   3895.13   1944.52    788.90    221.11     16.43  69953.58 
3.60     0.00      1.37     56.53    647.10   3081.08   6599.00   9131.71   9557.81   8175.66   5966.04   3793.09   2109.11   1011.29    396.97    107.22      7.50  50641.48 
3.80     0.04      3.27     81.29    725.77   2915.97   5501.77   6943.78   6762.44   5461.16   3803.59   2339.55   1271.00    596.93    230.33     61.70      4.44  36703.03 
4.00     0.12      5.87     94.93    658.15   2266.05   3884.80   4568.39   4250.64   3339.80   2273.25   1357.12    715.84    329.49    124.13     32.27      2.35  23903.20 
4.20     0.19      7.03     91.38    526.38   1567.63   2398.99   2624.00   2296.79   1710.35   1114.48    649.37    338.48    154.92     58.28     16.55      1.14  13555.96 
4.40     0.36      8.53     86.83    427.81   1144.28   1617.30   1644.18   1343.18    929.70    561.93    297.77    137.60     53.82     15.94      3.23      0.18   8272.64 
4.60     0.25      5.71     54.69    256.24    651.33    868.68    847.61    670.98    451.93    263.76    133.35     59.34     23.04      7.24      1.53      0.10   4295.78 
4.80     0.21      3.97     33.96    147.78    359.48    461.37    431.60    317.75    200.84    113.31     57.12     25.82     10.39      3.65      0.89      0.05   2168.19 
5.00     0.05      0.99      8.71     37.88     92.07    122.13    112.40     83.37     50.79     28.56     14.47      6.99      3.02      1.02      0.18      0.01    562.64 
5.20     0.10      1.86     15.72     66.98    159.22    204.04    191.71    149.07    101.67     60.59     32.52     15.45      6.20      2.01      0.43      0.02   1007.59 
5.40     0.07      1.16      8.92     36.10     84.15    110.50    105.62     82.73     53.91     29.64     13.84      5.36      1.77      0.47      0.07      0.00    534.31 
5.60     0.00      0.00      0.00      0.00      0.00      0.00      0.00      0.00      0.00      0.00      0.00      0.00      0.00      0.00      0.00      0.00      0.00 
5.80     0.01      0.15      1.05      3.85      8.00      9.12      7.19      3.83      1.43      0.33      0.04      0.00      0.00      0.00      0.00      0.00     35.00 
6.00     0.01      0.20      1.76      7.75     18.78     24.61     23.90     19.48     13.30      8.28      4.98      2.84      1.46      0.65      0.22      0.03    128.25 
6.20     0.00      0.00      0.00      0.00      0.00      0.00      0.00      0.00      0.00      0.00      0.00      0.00      0.00      0.00      0.00      0.00      0.00 
6.40     0.00      0.00      0.00      0.00      0.00      0.00      0.00      0.00      0.00      0.00      0.00      0.00      0.00      0.00      0.00      0.00      0.00 
6.60     0.00      0.00      0.00      0.00      0.00      0.00      0.00      0.00      0.00      0.00      0.00      0.00      0.00      0.00      0.00      0.00      0.00 
6.80     0.00      0.00      0.00      0.00      0.00      0.00      0.00      0.00      0.00      0.00      0.00      0.00      0.00      0.00      0.00      0.00      0.00 
7.00     0.00      0.00      0.00      0.00      0.00      0.00      0.00      0.00      0.00      0.00      0.00      0.00      0.00      0.00      0.00      0.00      0.00 
7.20     0.00      0.00      0.00      0.00      0.00      0.00      0.00      0.00      0.00      0.00      0.00      0.00      0.00      0.00      0.00      0.00      0.00 
7.40     0.00      0.00      0.00      0.00      0.00      0.00      0.00      0.00      0.00      0.00      0.00      0.00      0.00      0.00      0.00      0.00      0.00 
7.60     0.00      0.00      0.00      0.00      0.00      0.00      0.00      0.00      0.00      0.00      0.00      0.00      0.00      0.00      0.00      0.00      0.00 
7.80     0.00      0.00      0.00      0.00      0.00      0.00      0.00      0.00      0.00      0.00      0.00      0.00      0.00      0.00      0.00      0.00      0.00 
8.00     0.00      0.00      0.00      0.00      0.00      0.00      0.00      0.00      0.00      0.00      0.00      0.00      0.00      0.00      0.00      0.00      0.00 
