.20     0.00      0.00      0.00      0.32      0.02      0.07      0.01      0.18      0.27      0.58      0.99      0.00      0.00      0.00      0.00      0.00      2.44      0.03 
.40     0.00      0.00      0.00      0.67      0.18      0.10      0.25      0.11      0.01      0.18      0.09      0.06      0.00      0.01      0.00      0.00      1.66      0.09 
.60     0.00      0.00      0.00      0.96      0.35      0.28      0.32      0.43      0.47      1.21      0.10      0.19      0.01      0.20      0.00      0.00      4.52      0.12 
.80     0.00      0.00      0.00      1.41      0.44      0.48      0.72      0.28      0.27      0.48      0.06      0.02      0.09      0.10      0.00      0.00      4.35      0.29 
1.00     0.00      0.00      0.01      1.60      0.90      0.61      0.76      0.93      1.21      1.01      0.65      1.04      0.33      0.14      0.03      0.00      9.22      1.00 
1.20     0.00      0.00      0.00      2.13      1.21      1.38      1.95      2.22      2.24      2.53      2.68      1.70      0.96      0.82      0.04      0.00     19.86      2.23 
1.40     0.00      0.00      0.00      2.62      1.75      2.20      2.96      3.51      3.43      3.69      5.22      1.84      1.06      0.38      0.09      0.00     28.75      5.15 
1.60     0.00      0.00      0.03      2.84      2.31      3.88      6.16      6.66      8.24      7.03      6.04      4.52      2.36      0.57      0.05      0.00     50.69     10.04 
1.80     0.00      0.00      0.02      3.47      4.40      6.92      9.75     13.91     16.11     12.12      8.61      5.21      2.12      0.69      0.04      0.00     83.37     22.27 
2.00     0.00      0.00      0.04      4.18      6.34     10.92     15.03     18.22     16.19     13.42      9.43      3.96      1.98      0.40      0.02      0.00    100.13     32.44 
2.20     0.00      0.00      0.06      5.11     10.73     18.91     22.44     22.91     17.95     10.71      7.10      2.71      1.24      0.17      0.01      0.00    120.05     49.81 
2.40     0.00      0.00      0.17      6.72     16.48     25.17     27.98     25.00     16.46     10.33      5.42      1.85      0.61      0.10      0.02      0.00    136.31     67.20 
2.60     0.00      0.00      0.43     10.67     24.41     29.21     25.14     17.89     10.48      5.26      2.06      0.74      0.24      0.04      0.00      0.00    126.57     79.26 
2.80     0.00      0.00      0.90     14.75     29.40     29.14     21.06     12.50      6.60      2.55      1.32      0.33      0.09      0.03      0.01      0.00    118.68     82.69 
3.00     0.00      0.02      1.78     20.33     33.24     22.59     11.74      6.00      2.53      1.21      0.31      0.04      0.05      0.01      0.00      0.00     99.85     82.49 
3.20     0.00      0.18      4.11     23.62     27.33     13.11      5.55      2.03      0.88      0.40      0.08      0.07      0.00      0.00      0.00      0.00     77.36     70.70 
3.40     0.01      0.40      7.29     21.31     16.60      6.92      2.89      0.91      0.59      0.12      0.04      0.01      0.00      0.00      0.00      0.00     57.09     47.41 
3.60     0.00      1.37     11.10     15.61      8.45      3.03      0.91      0.41      0.15      0.07      0.05      0.01      0.00      0.00      0.00      0.00     41.16     30.87 
3.80     0.04      2.22     10.49      9.06      2.36      0.51      0.16      0.12      0.00      0.02      0.01      0.00      0.00      0.00      0.00      0.00     24.99     18.09 
4.00     0.12      3.03      6.55      3.74      0.77      0.15      0.00      0.00      0.01      0.00      0.00      0.00      0.00      0.00      0.00      0.00     14.37      8.24 
4.20     0.19      2.99      3.14      1.21      0.21      0.02      0.00      0.00      0.00      0.00      0.00      0.00      0.00      0.00      0.00      0.00      7.76      1.14 
4.40     0.36      1.35      1.34      0.27      0.03      0.00      0.00      0.00      0.00      0.00      0.00      0.00      0.00      0.00      0.00      0.00      3.35      0.38 
4.60     0.25      1.10      0.32      0.05      0.00      0.00      0.00      0.00      0.00      0.00      0.00      0.00      0.00      0.00      0.00      0.00      1.72      0.05 
4.80     0.21      0.17      0.01      0.00      0.00      0.00      0.00      0.00      0.00      0.00      0.00      0.00      0.00      0.00      0.00      0.00      0.39      0.00 
5.00     0.05      0.08      0.03      0.00      0.00      0.00      0.00      0.00      0.00      0.00      0.00      0.00      0.00      0.00      0.00      0.00      0.16      0.00 
5.20     0.10      0.00      0.00      0.00      0.00      0.00      0.00      0.00      0.00      0.00      0.00      0.00      0.00      0.00      0.00      0.00      0.10      0.00 
5.40     0.07      0.00      0.00      0.00      0.00      0.00      0.00      0.00      0.00      0.00      0.00      0.00      0.00      0.00      0.00      0.00      0.07      0.00 
5.60     0.00      0.00      0.00      0.00      0.00      0.00      0.00      0.00      0.00      0.00      0.00      0.00      0.00      0.00      0.00      0.00      0.00      0.00 
5.80     0.01      0.00      0.00      0.00      0.00      0.00      0.00      0.00      0.00      0.00      0.00      0.00      0.00      0.00      0.00      0.00      0.01      0.00 
6.00     0.01      0.00      0.00      0.00      0.00      0.00      0.00      0.00      0.00      0.00      0.00      0.00      0.00      0.00      0.00      0.00      0.01      0.00 
6.20     0.00      0.00      0.00      0.00      0.00      0.00      0.00      0.00      0.00      0.00      0.00      0.00      0.00      0.00      0.00      0.00      0.00      0.00 
6.40     0.00      0.00      0.00      0.00      0.00      0.00      0.00      0.00      0.00      0.00      0.00      0.00      0.00      0.00      0.00      0.00      0.00      0.00 
6.60     0.00      0.00      0.00      0.00      0.00      0.00      0.00      0.00      0.00      0.00      0.00      0.00      0.00      0.00      0.00      0.00      0.00      0.00 
6.80     0.00      0.00      0.00      0.00      0.00      0.00      0.00      0.00      0.00      0.00      0.00      0.00      0.00      0.00      0.00      0.00      0.00      0.00 
7.00     0.00      0.00      0.00      0.00      0.00      0.00      0.00      0.00      0.00      0.00      0.00      0.00      0.00      0.00      0.00      0.00      0.00      0.00 
7.20     0.00      0.00      0.00      0.00      0.00      0.00      0.00      0.00      0.00      0.00      0.00      0.00      0.00      0.00      0.00      0.00      0.00      0.00 
7.40     0.00      0.00      0.00      0.00      0.00      0.00      0.00      0.00      0.00      0.00      0.00      0.00      0.00      0.00      0.00      0.00      0.00      0.00 
7.60     0.00      0.00      0.00      0.00      0.00      0.00      0.00      0.00      0.00      0.00      0.00      0.00      0.00      0.00      0.00      0.00      0.00      0.00 
7.80     0.00      0.00      0.00      0.00      0.00      0.00      0.00      0.00      0.00      0.00      0.00      0.00      0.00      0.00      0.00      0.00      0.00      0.00 
8.00     0.00      0.00      0.00      0.00      0.00      0.00      0.00      0.00      0.00      0.00      0.00      0.00      0.00      0.00      0.00      0.00      0.00      0.00 
