.10     0.00      0.02      0.45      0.00      0.00      0.00      0.00      0.00      0.00      0.00      0.00      0.47      0.02 
.20     0.00      0.00      1.00      0.00      0.00      0.00      0.00      0.00      0.00      0.00      0.00      1.00      0.06 
.30     0.00      0.00      1.78      0.00      0.00      0.00      0.00      0.00      0.00      0.00      0.00      1.78      0.18 
.40     0.00      0.07      2.15      0.00      0.00      0.00      0.00      0.00      0.00      0.00      0.00      2.22      0.30 
.50     0.01      0.21      2.58      0.00      0.00      0.00      0.00      0.00      0.00      0.00      0.00      2.80      0.38 
.60     0.00      0.25      3.16      0.00      0.00      0.00      0.00      0.00      0.00      0.00      0.00      3.41      0.62 
.70     0.01      0.33      3.86      0.00      0.00      0.00      0.00      0.00      0.00      0.00      0.00      4.20      0.94 
.80     0.02      0.55      4.25      0.00      0.00      0.00      0.00      0.00      0.00      0.00      0.00      4.82      1.15 
.90     0.03      0.87      4.03      0.00      0.00      0.00      0.00      0.00      0.00      0.00      0.00      4.93      1.32 
1.00     0.01      1.26      4.52      0.00      0.00      0.00      0.00      0.00      0.00      0.00      0.00      5.79      1.93 
1.10     0.05      1.56      3.79      0.00      0.00      0.00      0.00      0.00      0.00      0.00      0.00      5.40      1.57 
1.20     0.07      1.76      3.30      0.00      0.00      0.00      0.00      0.00      0.00      0.00      0.00      5.13      1.09 
1.30     0.15      2.06      2.37      0.00      0.00      0.00      0.00      0.00      0.00      0.00      0.00      4.58      0.96 
1.40     0.16      1.62      1.18      0.00      0.00      0.00      0.00      0.00      0.00      0.00      0.00      2.96      0.25 
1.50     0.12      2.10      1.70      0.00      0.00      0.00      0.00      0.00      0.00      0.00      0.00      3.92      0.57 
1.60     0.26      1.36      0.83      0.00      0.00      0.00      0.00      0.00      0.00      0.00      0.00      2.45      0.09 
1.70     0.24      1.05      0.34      0.00      0.00      0.00      0.00      0.00      0.00      0.00      0.00      1.63      0.06 
1.80     0.24      0.82      0.30      0.00      0.00      0.00      0.00      0.00      0.00      0.00      0.00      1.36      0.06 
1.90     0.25      0.66      0.11      0.00      0.00      0.00      0.00      0.00      0.00      0.00      0.00      1.02      0.01 
2.00     0.22      0.24      0.00      0.00      0.00      0.00      0.00      0.00      0.00      0.00      0.00      0.46      0.00 
2.10     0.14      0.32      0.00      0.00      0.00      0.00      0.00      0.00      0.00      0.00      0.00      0.46      0.00 
2.20     0.10      0.07      0.00      0.00      0.00      0.00      0.00      0.00      0.00      0.00      0.00      0.17      0.00 
2.30     0.07      0.00      0.06      0.00      0.00      0.00      0.00      0.00      0.00      0.00      0.00      0.13      0.04 
2.40     0.05      0.00      0.00      0.00      0.00      0.00      0.00      0.00      0.00      0.00      0.00      0.05      0.00 
2.50     0.06      0.00      0.00      0.00      0.00      0.00      0.00      0.00      0.00      0.00      0.00      0.06      0.00 
2.60     0.03      0.00      0.00      0.00      0.00      0.00      0.00      0.00      0.00      0.00      0.00      0.03      0.00 
2.70     0.00      0.00      0.00      0.00      0.00      0.00      0.00      0.00      0.00      0.00      0.00      0.00      0.00 
2.80     0.00      0.00      0.00      0.00      0.00      0.00      0.00      0.00      0.00      0.00      0.00      0.00      0.00 
2.90     0.01      0.00      0.00      0.00      0.00      0.00      0.00      0.00      0.00      0.00      0.00      0.01      0.00 
3.00     0.01      0.00      0.00      0.00      0.00      0.00      0.00      0.00      0.00      0.00      0.00      0.01      0.00 
