.10     0.00      0.02      0.47      0.00      0.00      0.00      0.00      0.00      0.00      0.00      0.00      0.49 
.20     0.00      0.00      1.10      0.00      0.00      0.00      0.00      0.00      0.00      0.00      0.00      1.10 
.30     0.00      0.00      2.02      0.00      0.00      0.00      0.00      0.00      0.00      0.00      0.00      2.02 
.40     0.00      0.07      2.54      0.00      0.00      0.00      0.00      0.00      0.00      0.00      0.00      2.61 
.50     0.01      0.21      3.14      0.00      0.00      0.00      0.00      0.00      0.00      0.00      0.00      3.36 
.60     0.00      0.25      3.99      0.00      0.00      0.00      0.00      0.00      0.00      0.00      0.00      4.24 
.70     0.01      0.33      5.14      0.00      0.00      0.00      0.00      0.00      0.00      0.00      0.00      5.48 
.80     0.02      0.55      5.87      0.00      0.00      0.00      0.00      0.00      0.00      0.00      0.00      6.44 
.90     0.03      0.87      5.96      0.00      0.00      0.00      0.00      0.00      0.00      0.00      0.00      6.86 
1.00     0.01      1.26      7.11      0.00      0.00      0.00      0.00      0.00      0.00      0.00      0.00      8.38 
1.10     0.05      1.56      6.08      0.00      0.00      0.00      0.00      0.00      0.00      0.00      0.00      7.69 
1.20     0.07      1.76      4.86      0.00      0.00      0.00      0.00      0.00      0.00      0.00      0.00      6.69 
1.30     0.15      2.06      3.70      0.00      0.00      0.00      0.00      0.00      0.00      0.00      0.00      5.91 
1.40     0.16      1.62      1.63      0.00      0.00      0.00      0.00      0.00      0.00      0.00      0.00      3.41 
1.50     0.12      2.10      2.64      0.00      0.00      0.00      0.00      0.00      0.00      0.00      0.00      4.86 
1.60     0.26      1.36      1.09      0.00      0.00      0.00      0.00      0.00      0.00      0.00      0.00      2.71 
1.70     0.24      1.05      0.46      0.00      0.00      0.00      0.00      0.00      0.00      0.00      0.00      1.75 
1.80     0.24      0.82      0.38      0.00      0.00      0.00      0.00      0.00      0.00      0.00      0.00      1.44 
1.90     0.25      0.66      0.12      0.00      0.00      0.00      0.00      0.00      0.00      0.00      0.00      1.03 
2.00     0.22      0.24      0.00      0.00      0.00      0.00      0.00      0.00      0.00      0.00      0.00      0.46 
2.10     0.14      0.32      0.00      0.00      0.00      0.00      0.00      0.00      0.00      0.00      0.00      0.46 
2.20     0.10      0.07      0.00      0.00      0.00      0.00      0.00      0.00      0.00      0.00      0.00      0.17 
2.30     0.07      0.00      0.10      0.00      0.00      0.00      0.00      0.00      0.00      0.00      0.00      0.17 
2.40     0.05      0.00      0.00      0.00      0.00      0.00      0.00      0.00      0.00      0.00      0.00      0.05 
2.50     0.06      0.00      0.00      0.00      0.00      0.00      0.00      0.00      0.00      0.00      0.00      0.06 
2.60     0.03      0.00      0.00      0.00      0.00      0.00      0.00      0.00      0.00      0.00      0.00      0.03 
2.70     0.00      0.00      0.00      0.00      0.00      0.00      0.00      0.00      0.00      0.00      0.00      0.00 
2.80     0.00      0.00      0.00      0.00      0.00      0.00      0.00      0.00      0.00      0.00      0.00      0.00 
2.90     0.01      0.00      0.00      0.00      0.00      0.00      0.00      0.00      0.00      0.00      0.00      0.01 
3.00     0.01      0.00      0.00      0.00      0.00      0.00      0.00      0.00      0.00      0.00      0.00      0.01 
