.10     0.00      0.02      0.83      9.09     45.50    123.98    223.80    294.21    285.18    182.07     40.60   1205.28 
.20     0.00      0.00      1.10     14.86     79.45    221.88    406.31    530.97    505.04    314.44     68.30   2142.35 
.30     0.00      0.00      2.02     27.58    143.34    382.70    669.46    855.59    800.46    494.96    102.00   3478.11 
.40     0.00      0.07      3.74     40.57    192.06    485.95    817.83    984.89    854.04    482.94     95.63   3957.72 
.50     0.01      0.41      8.50     72.38    299.62    682.62   1047.27   1172.34    958.36    508.03     93.73   4843.27 
.60     0.00      0.25      8.22     77.38    329.26    751.09   1134.51   1235.92    976.20    500.48     90.06   5103.37 
.70     0.01      0.53     12.38    103.40    404.10    855.33   1218.42   1260.94    950.75    466.01     77.62   5349.49 
.80     0.02      0.94     18.01    134.85    484.63    952.28   1253.11   1201.53    837.99    380.82     60.17   5324.35 
.90     0.03      1.45     24.34    162.12    530.79    967.87   1194.35   1078.40    714.88    309.93     45.95   5030.11 
1.00     0.01      1.45     27.22    180.64    571.44    994.31   1168.70   1007.43    639.99    267.75     38.54   4897.48 
1.10     0.05      2.52     35.87    205.84    593.11    964.99   1075.09    886.48    540.61    216.27     30.05   4550.88 
1.20     0.07      2.96     36.77    191.55    506.13    756.97    772.50    584.04    327.57    121.58     15.64   3315.78 
1.30     0.15      4.54     47.30    217.86    527.15    738.75    721.38    526.23    286.11    104.83     13.55   3187.85 
1.40     0.16      4.04     37.18    156.99    354.98    470.91    439.34    308.73    163.12     58.23      7.12   2000.80 
1.50     0.12      3.97     39.85    172.63    390.90    513.39    475.76    334.58    176.91     61.45      7.43   2176.99 
1.60     0.26      5.15     40.07    148.94    305.83    375.77    327.07    216.10    108.34     36.60      4.34   1568.47 
1.70     0.24      4.32     30.88    105.63    199.30    227.55    188.83    119.78     57.76     19.02      2.17    955.48 
1.80     0.24      4.05     28.04     94.80    177.78    197.80    158.13     98.41     46.78     15.07      1.71    822.81 
1.90     0.25      3.91     25.47     82.74    151.93    170.24    137.85     86.74     42.03     13.92      1.66    716.74 
2.00     0.22      2.94     16.92     50.24     84.37     86.23     64.77     38.32     17.71      5.69      0.64    368.05 
2.10     0.14      2.07     12.46     37.71     65.38     69.78     53.23     30.59     13.51      4.12      0.46    289.45 
2.20     0.10      1.29      7.14     20.50     34.08     34.84     25.78     15.35      7.49      2.52      0.31    149.40 
2.30     0.07      0.85      4.71     13.55     22.62     23.49     18.26     11.17      5.29      1.71      0.21    101.93 
2.40     0.05      0.58      3.02      8.14     13.11     13.86     11.00      6.72      3.13      0.94      0.09     60.64 
2.50     0.06      0.70      3.65      9.70     15.23     15.61     12.07      7.40      3.59      1.19      0.15     69.35 
2.60     0.03      0.36      1.92      5.16      7.89      7.62      5.54      3.30      1.54      0.54      0.05     33.95 
2.70     0.00      0.00      0.00      0.00      0.00      0.00      0.00      0.00      0.00      0.00      0.00      0.00 
2.80     0.00      0.00      0.00      0.00      0.00      0.00      0.00      0.00      0.00      0.00      0.00      0.00 
2.90     0.01      0.10      0.45      1.11      1.60      1.42      0.99      0.61      0.29      0.09      0.01      6.68 
3.00     0.01      0.11      0.54      1.40      2.04      1.65      0.90      0.29      0.04      0.00      0.00      6.98 
