.09   0.0000    0.3400    9.2500   79.4800  327.8700  702.7000  869.9400  708.9200  416.4800  168.2400   29.8800  3313.1000 
.14   0.0000    0.8100   18.1200  131.0300  454.0600  783.5200  809.6200  588.9500  322.5500  123.1700   22.6500  3254.4800 
.18   0.0200    1.5600   25.9200  161.3200  490.9100  744.3200  716.1100  520.2200  298.8100  123.3700   22.9000  3105.4600 
.23   0.0200    1.6600   25.6300  155.0700  462.0200  706.9500  747.1000  631.2300  429.8700  208.0400   39.1200  3406.7100 
.27   0.0600    2.9700   36.5100  196.1800  530.0300  779.4000  832.6200  723.7300  502.7300  246.4400   46.2500  3896.9200 
.32   0.1400    4.0900   40.4700  190.2500  465.8200  649.5100  675.5500  579.8300  401.8600  197.9100   37.3700  3242.8000 
.36   0.1900    4.7600   42.9200  186.6500  416.5700  533.8400  527.3600  432.2500  287.8200  137.2600   25.7900  2595.4100 
.41   0.1800    4.0600   35.8600  156.7400  369.1600  523.0000  572.4000  515.1700  370.2500  186.2700   34.9700  2768.0600 
.45   0.1200    3.5800   34.3700  159.2000  384.0600  564.4400  640.5100  592.3300  434.4900  221.9200   41.6500  3076.6700 
.50   0.2600    5.5200   47.4100  206.8800  508.0600  800.1800  962.4800  926.0400  697.0600  361.9200   68.0800  4583.8900 
.54   0.2000    4.3700   39.2600  179.7300  468.8300  777.3200  966.4500  947.9800  721.7000  376.9300   70.7600  4553.5300 
.59   0.2800    5.5200   44.8200  186.3000  435.7000  657.7800  769.4600  728.2300  542.6900  279.8500   52.5100  3703.1400 
.63   0.2100    3.7600   29.4100  119.9700  286.5200  454.3800  552.5300  535.9200  405.6400  211.2900   39.6800  2639.3100 
.68   0.1600    3.8300   35.8400  169.8500  452.3500  756.8300  946.3100  932.4200  712.9600  373.5700   70.1300  4454.2500 
.72   0.2100    3.9500   31.1600  127.1400  297.2100  464.5600  560.5100  541.0000  408.1000  211.9300   39.8100  2685.5800 
.77   0.3100    5.9600   50.4900  223.2800  580.1700  968.9700  1212.0100  1194.7000  913.0100  478.0400   89.7000  5716.6400 
.81   0.3400    6.4600   54.4200  240.7800  626.2600  1046.4900  1310.0500  1292.3800  988.8000  518.2300   97.2500  6181.4600 
.86   0.2400    5.0100   45.2500  212.3400  575.3000  979.8100  1238.5500  1228.0300  942.5800  494.9300   92.9400  5814.9800 
.90   0.2700    5.2600   46.4400  215.1600  587.2500  1008.9400  1280.3300  1272.8200  978.4100  514.1600   96.5600  6005.6000 
.95   0.2500    5.0000   44.5300  207.4400  566.2100  971.5200  1231.7400  1223.9200  940.3500  493.9300   92.7500  5777.6400 
.99   0.2200    4.5100   40.5700  190.1300  518.3900  888.9200  1127.3800  1120.5700  861.3100  452.6700   85.0200  5289.6900 
1.19   0.2100    4.0200   35.2800  163.3300  446.9700  767.1300  973.3800  967.8100  744.0900  391.0400   73.3900  4566.6500 
1.39   0.2200    4.3900   39.5100  186.2000  513.9100  885.3100  1124.9100  1119.0600  860.4400  452.2300   84.9100  5271.0900 
1.59   0.2300    4.6800   42.5700  202.1600  559.4700  964.6100  1226.2000  1220.1500  938.3600  493.2400   92.6100  5744.2800 
1.79   0.2200    4.4900   40.8600  194.0400  536.5700  924.8500  1175.4900  1169.5400  899.3800  472.7300   88.7600  5506.9300 
2.00   0.1800    3.5100   31.1400  145.1600  398.6300  685.5500  870.5100  865.6600  665.4200  349.6700   65.6400  4081.0700 
2.19   0.2100    4.2000   37.8000  178.0800  490.9800  845.4600  1074.1500  1068.4800  821.5200  431.7600   81.0600  5033.7000 
2.39   0.1500    3.0000   27.0000  127.2000  350.7000  603.9000  767.2500  763.2000  586.8000  308.4000   57.9000  3595.5000 
2.59   0.1200    2.4000   21.6000  101.7600  280.5600  483.1200  613.8000  610.5600  469.4400  246.7200   46.3200  2876.4000 
2.79   0.0700    1.4000   12.6000   59.3600  163.6600  281.8200  358.0500  356.1600  273.8400  143.9200   27.0200  1677.9000 
3.00   0.0900    1.8000   16.2000   76.3200  210.4200  362.3400  460.3500  457.9200  352.0800  185.0400   34.7400  2157.3000 
3.19   0.0800    1.6000   14.4000   67.8400  187.0400  322.0800  409.2000  407.0400  312.9600  164.4800   30.8800  1917.6000 
3.39   0.0300    0.6000    5.4000   25.4400   70.1400  120.7800  153.4500  152.6400  117.3600   61.6800   11.5800  719.1000 
3.59   0.0000    0.0000    0.0000    0.0000    0.0000    0.0000    0.0000    0.0000    0.0000    0.0000    0.0000    0.0000 
3.79   0.0400    0.8000    7.2000   33.9200   93.5200  161.0400  204.6000  203.5200  156.4800   82.2400   15.4400  958.8000 
4.00   0.0300    0.6000    5.4000   25.4400   70.1400  120.7800  153.4500  152.6400  117.3600   61.6800   11.5800  719.1000 
4.19   0.0000    0.0000    0.0000    0.0000    0.0000    0.0000    0.0000    0.0000    0.0000    0.0000    0.0000    0.0000 
4.39   0.0000    0.0000    0.0000    0.0000    0.0000    0.0000    0.0000    0.0000    0.0000    0.0000    0.0000    0.0000 
4.59   0.0000    0.0000    0.0000    0.0000    0.0000    0.0000    0.0000    0.0000    0.0000    0.0000    0.0000    0.0000 
4.79   0.0000    0.0000    0.0000    0.0000    0.0000    0.0000    0.0000    0.0000    0.0000    0.0000    0.0000    0.0000 
5.00   0.0000    0.0000    0.0000    0.0000    0.0000    0.0000    0.0000    0.0000    0.0000    0.0000    0.0000    0.0000 
