.09   0.0000    0.3400    3.8400    6.7500    4.5200    1.9400    0.1100    0.0200    0.0000    0.0000    0.0000   17.5200 
.14   0.0000    0.8100    5.7900    4.0600    1.9200    0.2400    0.0100    0.0000    0.0000    0.0000    0.0000   12.8300 
.18   0.0200    1.1600    5.9600    2.3400    0.8400    0.1500    0.0000    0.0000    0.0000    0.0000    0.0000   10.4700 
.23   0.0200    1.3400    4.7600    1.6400    0.6800    0.1100    0.0400    0.0000    0.0000    0.0000    0.0000    8.5900 
.27   0.0600    1.9100    3.7400    0.7200    0.3800    0.0400    0.0000    0.0000    0.0000    0.0000    0.0000    6.8500 
.32   0.1400    1.7200    2.9200    0.6800    0.2700    0.0100    0.0000    0.0000    0.0000    0.0000    0.0000    5.7400 
.36   0.1900    1.8000    1.7900    0.1000    0.0400    0.0000    0.0000    0.0000    0.0000    0.0000    0.0000    3.9200 
.41   0.1800    1.1800    1.5500    0.1100    0.0200    0.0000    0.0000    0.0000    0.0000    0.0000    0.0000    3.0400 
.45   0.1200    1.7000    1.6700    0.0900    0.2000    0.0100    0.0000    0.0000    0.0000    0.0000    0.0000    3.7900 
.50   0.2600    1.4500    1.3500    0.0600    0.0300    0.0000    0.0000    0.0000    0.0000    0.0000    0.0000    3.1500 
.54   0.2000    1.3100    1.0700    0.0900    0.0300    0.0000    0.0000    0.0000    0.0000    0.0000    0.0000    2.7000 
.59   0.2800    1.2000    0.5900    0.0000    0.0000    0.0000    0.0000    0.0000    0.0000    0.0000    0.0000    2.0700 
.63   0.2100    0.7300    0.5400    0.0200    0.0000    0.0000    0.0000    0.0000    0.0000    0.0000    0.0000    1.5000 
.68   0.1600    1.0700    0.6100    0.0400    0.0300    0.0000    0.0000    0.0000    0.0000    0.0000    0.0000    1.9100 
.72   0.2100    0.7100    0.1700    0.0000    0.0000    0.0000    0.0000    0.0000    0.0000    0.0000    0.0000    1.0900 
.77   0.3100    0.6600    0.1900    0.0000    0.0000    0.0000    0.0000    0.0000    0.0000    0.0000    0.0000    1.1600 
.81   0.3400    0.6000    0.2000    0.0100    0.0000    0.0000    0.0000    0.0000    0.0000    0.0000    0.0000    1.1500 
.86   0.2400    0.7100    0.3100    0.0000    0.0000    0.0000    0.0000    0.0000    0.0000    0.0000    0.0000    1.2600 
.90   0.2700    0.5900    0.1600    0.0000    0.0000    0.0000    0.0000    0.0000    0.0000    0.0000    0.0000    1.0200 
.95   0.2500    0.6100    0.2400    0.0000    0.0000    0.0000    0.0000    0.0000    0.0000    0.0000    0.0000    1.1000 
.99   0.2200    0.7400    0.2000    0.0000    0.0000    0.0000    0.0000    0.0000    0.0000    0.0000    0.0000    1.1600 
1.19   0.2100    0.2200    0.0600    0.0100    0.0000    0.0000    0.0000    0.0000    0.0000    0.0000    0.0000    0.5000 
1.39   0.2200    0.0800    0.0100    0.0000    0.0000    0.0000    0.0000    0.0000    0.0000    0.0000    0.0000    0.3100 
1.59   0.2300    0.0800    0.0100    0.0000    0.0000    0.0000    0.0000    0.0000    0.0000    0.0000    0.0000    0.3200 
1.79   0.2200    0.0900    0.0000    0.0000    0.0000    0.0000    0.0000    0.0000    0.0000    0.0000    0.0000    0.3100 
2.00   0.1800    0.0000    0.0000    0.0000    0.0000    0.0000    0.0000    0.0000    0.0000    0.0000    0.0000    0.1800 
2.19   0.2100    0.0000    0.0000    0.0000    0.0000    0.0000    0.0000    0.0000    0.0000    0.0000    0.0000    0.2100 
2.39   0.1500    0.0000    0.0000    0.0000    0.0000    0.0000    0.0000    0.0000    0.0000    0.0000    0.0000    0.1500 
2.59   0.1200    0.0000    0.0000    0.0000    0.0000    0.0000    0.0000    0.0000    0.0000    0.0000    0.0000    0.1200 
2.79   0.0700    0.0000    0.0000    0.0000    0.0000    0.0000    0.0000    0.0000    0.0000    0.0000    0.0000    0.0700 
3.00   0.0900    0.0000    0.0000    0.0000    0.0000    0.0000    0.0000    0.0000    0.0000    0.0000    0.0000    0.0900 
3.19   0.0800    0.0000    0.0000    0.0000    0.0000    0.0000    0.0000    0.0000    0.0000    0.0000    0.0000    0.0800 
3.39   0.0300    0.0000    0.0000    0.0000    0.0000    0.0000    0.0000    0.0000    0.0000    0.0000    0.0000    0.0300 
3.59   0.0000    0.0000    0.0000    0.0000    0.0000    0.0000    0.0000    0.0000    0.0000    0.0000    0.0000    0.0000 
3.79   0.0400    0.0000    0.0000    0.0000    0.0000    0.0000    0.0000    0.0000    0.0000    0.0000    0.0000    0.0400 
4.00   0.0300    0.0000    0.0000    0.0000    0.0000    0.0000    0.0000    0.0000    0.0000    0.0000    0.0000    0.0300 
4.19   0.0000    0.0000    0.0000    0.0000    0.0000    0.0000    0.0000    0.0000    0.0000    0.0000    0.0000    0.0000 
4.39   0.0000    0.0000    0.0000    0.0000    0.0000    0.0000    0.0000    0.0000    0.0000    0.0000    0.0000    0.0000 
4.59   0.0000    0.0000    0.0000    0.0000    0.0000    0.0000    0.0000    0.0000    0.0000    0.0000    0.0000    0.0000 
4.79   0.0000    0.0000    0.0000    0.0000    0.0000    0.0000    0.0000    0.0000    0.0000    0.0000    0.0000    0.0000 
5.00   0.0000    0.0000    0.0000    0.0000    0.0000    0.0000    0.0000    0.0000    0.0000    0.0000    0.0000    0.0000 
