.09   0.0000    0.3400    3.4300    5.6200    3.6300    2.7600    1.5100    0.6400    0.1800    0.0700    0.0000   18.1800    2.3200 
.14   0.0000    0.8100    5.0800    3.4100    1.4400    0.8700    0.6700    0.2600    0.0900    0.0300    0.0000   12.6600    1.6500 
.18   0.0200    1.1600    5.3500    1.9400    0.6300    0.3500    0.1800    0.1200    0.0700    0.0100    0.0000    9.8300    1.1000 
.23   0.0200    1.3400    4.3500    1.2900    0.4600    0.3600    0.1800    0.0200    0.0200    0.0100    0.0000    8.0500    0.7700 
.27   0.0600    1.9100    3.1500    0.6900    0.2700    0.2100    0.0700    0.0100    0.0000    0.0000    0.0000    6.3700    0.6400 
.32   0.1400    1.7200    2.6300    0.5800    0.1900    0.0400    0.0300    0.0000    0.0000    0.0000    0.0000    5.3300    0.4100 
.36   0.1900    1.8000    1.7200    0.1000    0.0300    0.0100    0.0000    0.0000    0.0000    0.0000    0.0000    3.8500    0.0800 
.41   0.1800    1.1800    1.3000    0.1000    0.0200    0.0200    0.0200    0.0000    0.0000    0.0000    0.0000    2.8200    0.2500 
.45   0.1200    1.7000    1.4100    0.0800    0.1300    0.0500    0.0200    0.0000    0.0000    0.0000    0.0000    3.5100    0.2900 
.50   0.2600    1.4500    1.0300    0.0600    0.0200    0.0000    0.0000    0.0000    0.0000    0.0000    0.0000    2.8200    0.3200 
.54   0.2000    1.3100    0.9300    0.0800    0.0100    0.0000    0.0000    0.0000    0.0000    0.0000    0.0000    2.5300    0.1500 
.59   0.2800    1.2000    0.5900    0.0000    0.0000    0.0100    0.0100    0.0000    0.0000    0.0000    0.0000    2.0900    0.0000 
.63   0.2100    0.7300    0.4800    0.0200    0.0000    0.0100    0.0000    0.0000    0.0000    0.0000    0.0000    1.4500    0.0600 
.68   0.1600    1.0700    0.5200    0.0400    0.0200    0.0000    0.0000    0.0000    0.0000    0.0000    0.0000    1.8100    0.0900 
.72   0.2100    0.7100    0.1600    0.0000    0.0000    0.0000    0.0000    0.0000    0.0000    0.0000    0.0000    1.0800    0.0100 
.77   0.3100    0.6600    0.1700    0.0000    0.0000    0.0000    0.0000    0.0000    0.0000    0.0000    0.0000    1.1400    0.0200 
.81   0.3400    0.6000    0.1600    0.0100    0.0000    0.0000    0.0000    0.0000    0.0000    0.0000    0.0000    1.1100    0.0400 
.86   0.2400    0.7100    0.2800    0.0000    0.0000    0.0000    0.0000    0.0000    0.0000    0.0000    0.0000    1.2300    0.0300 
.90   0.2700    0.5900    0.1600    0.0000    0.0000    0.0100    0.0000    0.0000    0.0000    0.0000    0.0000    1.0300    0.0000 
.95   0.2500    0.6100    0.2400    0.0000    0.0000    0.0000    0.0000    0.0000    0.0000    0.0000    0.0000    1.1000    0.0000 
.99   0.2200    0.7400    0.1900    0.0000    0.0000    0.0000    0.0000    0.0000    0.0000    0.0000    0.0000    1.1500    0.0100 
1.19   0.2100    0.2200    0.0600    0.0100    0.0000    0.0000    0.0000    0.0000    0.0000    0.0000    0.0000    0.5000    0.0000 
1.39   0.2200    0.0800    0.0100    0.0000    0.0000    0.0000    0.0000    0.0000    0.0000    0.0000    0.0000    0.3100    0.0000 
1.59   0.2300    0.0800    0.0100    0.0000    0.0000    0.0000    0.0000    0.0000    0.0000    0.0000    0.0000    0.3200    0.0000 
1.79   0.2200    0.0900    0.0000    0.0000    0.0000    0.0000    0.0000    0.0000    0.0000    0.0000    0.0000    0.3100    0.0000 
2.00   0.1800    0.0000    0.0000    0.0000    0.0000    0.0000    0.0000    0.0000    0.0000    0.0000    0.0000    0.1800    0.0000 
2.19   0.2100    0.0000    0.0000    0.0000    0.0000    0.0000    0.0000    0.0000    0.0000    0.0000    0.0000    0.2100    0.0000 
2.39   0.1500    0.0000    0.0000    0.0000    0.0000    0.0000    0.0000    0.0000    0.0000    0.0000    0.0000    0.1500    0.0000 
2.59   0.1200    0.0000    0.0000    0.0000    0.0000    0.0000    0.0000    0.0000    0.0000    0.0000    0.0000    0.1200    0.0000 
2.79   0.0700    0.0000    0.0000    0.0000    0.0000    0.0000    0.0000    0.0000    0.0000    0.0000    0.0000    0.0700    0.0000 
3.00   0.0900    0.0000    0.0000    0.0000    0.0000    0.0000    0.0000    0.0000    0.0000    0.0000    0.0000    0.0900    0.0000 
3.19   0.0800    0.0000    0.0000    0.0000    0.0000    0.0000    0.0000    0.0000    0.0000    0.0000    0.0000    0.0800    0.0000 
3.39   0.0300    0.0000    0.0000    0.0000    0.0000    0.0000    0.0000    0.0000    0.0000    0.0000    0.0000    0.0300    0.0000 
3.59   0.0000    0.0000    0.0000    0.0000    0.0000    0.0000    0.0000    0.0000    0.0000    0.0000    0.0000    0.0000    0.0000 
3.79   0.0400    0.0000    0.0000    0.0000    0.0000    0.0000    0.0000    0.0000    0.0000    0.0000    0.0000    0.0400    0.0000 
4.00   0.0300    0.0000    0.0000    0.0000    0.0000    0.0000    0.0000    0.0000    0.0000    0.0000    0.0000    0.0300    0.0000 
4.19   0.0000    0.0000    0.0000    0.0000    0.0000    0.0000    0.0000    0.0000    0.0000    0.0000    0.0000    0.0000    0.0000 
4.39   0.0000    0.0000    0.0000    0.0000    0.0000    0.0000    0.0000    0.0000    0.0000    0.0000    0.0000    0.0000    0.0000 
4.59   0.0000    0.0000    0.0000    0.0000    0.0000    0.0000    0.0000    0.0000    0.0000    0.0000    0.0000    0.0000    0.0000 
4.79   0.0000    0.0000    0.0000    0.0000    0.0000    0.0000    0.0000    0.0000    0.0000    0.0000    0.0000    0.0000    0.0000 
5.00   0.0000    0.0000    0.0000    0.0000    0.0000    0.0000    0.0000    0.0000    0.0000    0.0000    0.0000    0.0000    0.0000 
