.20     0.00      0.00      0.00      0.04      0.00      0.00      0.00      0.00      0.00      0.00      0.00      0.04      0.00 
.40     0.00      0.00      0.00      0.03      0.00      0.00      0.00      0.00      0.00      0.00      0.00      0.03      0.00 
.60     0.00      0.00      0.00      0.06      0.00      0.00      0.00      0.00      0.00      0.00      0.00      0.06      0.00 
.80     0.00      0.00      0.00      0.10      0.02      0.00      0.00      0.00      0.00      0.01      0.00      0.13      0.00 
1.00     0.00      0.00      0.00      0.14      0.02      0.01      0.01      0.00      0.00      0.00      0.00      0.18      0.00 
1.20     0.00      0.00      0.00      0.14      0.11      0.02      0.00      0.02      0.00      0.00      0.00      0.29      0.00 
1.40     0.00      0.00      0.00      0.16      0.03      0.06      0.01      0.01      0.00      0.00      0.00      0.27      0.02 
1.60     0.00      0.00      0.00      0.21      0.05      0.09      0.01      0.00      0.01      0.00      0.00      0.37      0.00 
1.80     0.00      0.00      0.00      0.26      0.07      0.15      0.10      0.15      0.03      0.06      0.01      0.83      0.02 
2.00     0.00      0.00      0.00      0.33      0.15      0.14      0.06      0.12      0.06      0.04      0.02      0.92      0.12 
2.20     0.00      0.00      0.00      0.24      0.11      0.12      0.14      0.23      0.17      0.09      0.02      1.12      0.08 
2.40     0.00      0.00      0.00      0.29      0.22      0.25      0.34      0.66      0.66      0.39      0.07      2.88      0.46 
2.60     0.00      0.00      0.01      0.28      0.33      0.40      0.86      1.74      1.54      0.65      0.08      5.89      0.86 
2.80     0.00      0.00      0.00      0.33      0.48      1.15      2.76      3.95      2.84      1.09      0.06     12.66      2.52 
3.00     0.00      0.00      0.03      0.44      1.22      3.44      7.47      7.93      4.23      1.20      0.05     26.01      6.71 
3.20     0.00      0.00      0.03      1.25      4.71      8.86      9.30      7.15      3.14      0.62      0.01     35.07     11.29 
3.40     0.00      0.00      0.30      3.96     10.12     12.24      9.53      4.76      1.71      0.29      0.01     42.92     17.55 
3.60     0.00      0.07      1.98      8.55     10.88      7.00      3.60      1.36      0.35      0.04      0.00     33.83     14.77 
3.80     0.01      0.86      4.31      7.74      5.04      2.20      0.97      0.28      0.05      0.02      0.00     21.48      8.15 
4.00     0.06      2.51      4.23      2.90      0.96      0.33      0.02      0.01      0.01      0.00      0.00     11.03      2.96 
4.20     0.13      1.45      2.39      1.26      0.40      0.05      0.02      0.09      0.00      0.00      0.00      5.79      1.31 
4.40     0.25      0.52      0.33      0.05      0.00      0.00      0.00      0.00      0.00      0.00      0.00      1.15      0.09 
4.60     0.20      0.04      0.03      0.00      0.00      0.00      0.00      0.00      0.00      0.00      0.00      0.27      0.00 
4.80     0.02      0.00      0.00      0.00      0.00      0.00      0.00      0.00      0.00      0.00      0.00      0.02      0.00 
5.00     0.00      0.00      0.00      0.00      0.00      0.00      0.00      0.00      0.00      0.00      0.00      0.00      0.00 
5.20     0.00      0.00      0.00      0.00      0.00      0.00      0.00      0.00      0.00      0.00      0.00      0.00      0.00 
5.40     0.00      0.00      0.00      0.00      0.00      0.00      0.00      0.00      0.00      0.00      0.00      0.00      0.00 
5.60     0.00      0.00      0.00      0.00      0.00      0.00      0.00      0.00      0.00      0.00      0.00      0.00      0.00 
5.80     0.00      0.00      0.00      0.00      0.00      0.00      0.00      0.00      0.00      0.00      0.00      0.00      0.00 
6.00     0.00      0.00      0.00      0.00      0.00      0.00      0.00      0.00      0.00      0.00      0.00      0.00      0.00 
6.20     0.00      0.00      0.00      0.00      0.00      0.00      0.00      0.00      0.00      0.00      0.00      0.00      0.00 
6.40     0.00      0.00      0.00      0.00      0.00      0.00      0.00      0.00      0.00      0.00      0.00      0.00      0.00 
6.60     0.00      0.00      0.00      0.00      0.00      0.00      0.00      0.00      0.00      0.00      0.00      0.00      0.00 
6.80     0.00      0.00      0.00      0.00      0.00      0.00      0.00      0.00      0.00      0.00      0.00      0.00      0.00 
7.00     0.00      0.00      0.00      0.00      0.00      0.00      0.00      0.00      0.00      0.00      0.00      0.00      0.00 
7.20     0.00      0.00      0.00      0.00      0.00      0.00      0.00      0.00      0.00      0.00      0.00      0.00      0.00 
7.40     0.00      0.00      0.00      0.00      0.00      0.00      0.00      0.00      0.00      0.00      0.00      0.00      0.00 
7.60     0.00      0.00      0.00      0.00      0.00      0.00      0.00      0.00      0.00      0.00      0.00      0.00      0.00 
7.80     0.00      0.00      0.00      0.00      0.00      0.00      0.00      0.00      0.00      0.00      0.00      0.00      0.00 
8.00     0.00      0.00      0.00      0.00      0.00      0.00      0.00      0.00      0.00      0.00      0.00      0.00      0.00 
