.20     0.00      0.00      0.00      0.04      0.00      0.00      0.00      0.00      0.00      0.00      0.00      0.04 
.40     0.00      0.00      0.00      0.03      0.00      0.00      0.00      0.00      0.00      0.00      0.00      0.03 
.60     0.00      0.00      0.00      0.06      0.00      0.00      0.00      0.00      0.00      0.00      0.00      0.06 
.80     0.00      0.00      0.00      0.10      0.03      0.00      0.00      0.00      0.00      0.01      0.00      0.14 
1.00     0.00      0.00      0.00      0.14      0.02      0.01      0.09      0.00      0.00      0.00      0.00      0.26 
1.20     0.00      0.00      0.00      0.14      0.12      0.06      0.00      0.32      0.00      0.00      0.00      0.64 
1.40     0.00      0.00      0.00      0.16      0.04      0.10      0.01      0.04      0.00      0.00      0.00      0.35 
1.60     0.00      0.00      0.00      0.21      0.05      0.10      0.09      0.05      0.16      0.00      0.00      0.66 
1.80     0.00      0.00      0.00      0.26      0.10      0.15      0.24      0.48      0.13      0.06      0.01      1.43 
2.00     0.00      0.00      0.00      0.34      0.20      0.15      0.13      0.44      0.06      0.12      0.02      1.46 
2.20     0.00      0.00      0.00      0.25      0.14      0.12      0.18      0.27      0.23      0.19      0.02      1.40 
2.40     0.00      0.00      0.00      0.29      0.25      0.32      0.66      1.03      1.00      0.94      0.07      4.56 
2.60     0.00      0.00      0.01      0.28      0.34      0.41      1.19      2.66      2.74      1.45      0.08      9.16 
2.80     0.00      0.00      0.00      0.33      0.56      1.45      4.40      6.48      5.89      2.94      0.06     22.11 
3.00     0.00      0.00      0.03      0.45      1.71      5.60     12.94     15.10      9.92      3.63      0.05     49.43 
3.20     0.00      0.00      0.03      1.60      8.20     16.60     18.27     14.77      7.84      2.06      0.01     69.38 
3.40     0.00      0.00      0.38      7.49     21.00     25.76     20.85     11.40      4.85      1.09      0.01     92.83 
3.60     0.00      0.07      2.61     17.18     23.34     14.32      8.34      3.55      1.05      0.17      0.00     70.63 
3.80     0.01      0.86      6.41     15.56     10.38      4.66      2.17      0.82      0.15      0.02      0.00     41.04 
4.00     0.06      2.51      6.62      5.36      1.83      0.73      0.05      0.02      0.05      0.00      0.00     17.23 
4.20     0.13      1.45      3.28      2.42      0.54      0.11      0.03      0.14      0.01      0.00      0.00      8.11 
4.40     0.25      0.52      0.40      0.10      0.00      0.00      0.00      0.00      0.00      0.00      0.00      1.27 
4.60     0.20      0.04      0.03      0.00      0.00      0.00      0.00      0.00      0.00      0.00      0.00      0.27 
4.80     0.02      0.00      0.00      0.00      0.00      0.00      0.00      0.00      0.00      0.00      0.00      0.02 
5.00     0.00      0.00      0.00      0.00      0.00      0.00      0.00      0.00      0.00      0.00      0.00      0.00 
5.20     0.00      0.00      0.00      0.00      0.00      0.00      0.00      0.00      0.00      0.00      0.00      0.00 
5.40     0.00      0.00      0.00      0.00      0.00      0.00      0.00      0.00      0.00      0.00      0.00      0.00 
5.60     0.00      0.00      0.00      0.00      0.00      0.00      0.00      0.00      0.00      0.00      0.00      0.00 
5.80     0.00      0.00      0.00      0.00      0.00      0.00      0.00      0.00      0.00      0.00      0.00      0.00 
6.00     0.00      0.00      0.00      0.00      0.00      0.00      0.00      0.00      0.00      0.00      0.00      0.00 
6.20     0.00      0.00      0.00      0.00      0.00      0.00      0.00      0.00      0.00      0.00      0.00      0.00 
6.40     0.00      0.00      0.00      0.00      0.00      0.00      0.00      0.00      0.00      0.00      0.00      0.00 
6.60     0.00      0.00      0.00      0.00      0.00      0.00      0.00      0.00      0.00      0.00      0.00      0.00 
6.80     0.00      0.00      0.00      0.00      0.00      0.00      0.00      0.00      0.00      0.00      0.00      0.00 
7.00     0.00      0.00      0.00      0.00      0.00      0.00      0.00      0.00      0.00      0.00      0.00      0.00 
7.20     0.00      0.00      0.00      0.00      0.00      0.00      0.00      0.00      0.00      0.00      0.00      0.00 
7.40     0.00      0.00      0.00      0.00      0.00      0.00      0.00      0.00      0.00      0.00      0.00      0.00 
7.60     0.00      0.00      0.00      0.00      0.00      0.00      0.00      0.00      0.00      0.00      0.00      0.00 
7.80     0.00      0.00      0.00      0.00      0.00      0.00      0.00      0.00      0.00      0.00      0.00      0.00 
8.00     0.00      0.00      0.00      0.00      0.00      0.00      0.00      0.00      0.00      0.00      0.00      0.00 
