.20     0.00      0.00      0.00      0.04      0.38      1.64      4.58      8.96     11.64      9.22      2.47     38.93 
.40     0.00      0.00      0.00      0.03      0.33      1.36      3.33      5.88      7.57      6.32      1.69     26.51 
.60     0.00      0.00      0.00      0.06      0.71      3.18      7.77     12.54     14.22     10.53      2.73     51.74 
.80     0.00      0.00      0.00      0.10      1.25      5.74     14.41     23.70     27.70     21.13      5.55     99.58 
1.00     0.00      0.00      0.00      0.14      1.49      6.33     16.92     30.76     38.44     30.29      8.11    132.48 
1.20     0.00      0.00      0.00      0.14      1.60      7.60     21.96     40.95     50.91     40.85     10.64    174.65 
1.40     0.00      0.00      0.00      0.16      1.82      8.10     20.37     34.41     41.39     32.32      8.76    147.33 
1.60     0.00      0.00      0.00      0.21      2.33      9.89     24.93     44.55     57.27     46.35     12.60    198.13 
1.80     0.00      0.00      0.00      0.26      2.94     12.16     30.76     55.42     71.65     60.10     16.95    250.24 
2.00     0.00      0.00      0.00      0.34      4.03     18.22     48.38     83.85    100.42     75.03     19.79    350.06 
2.20     0.00      0.00      0.00      0.25      2.82     12.28     31.89     57.21     72.35     59.73     17.07    253.60 
2.40     0.00      0.00      0.00      0.29      3.46     15.18     40.01     73.47     97.69     84.72     24.47    339.29 
2.60     0.00      0.00      0.01      0.44      4.21     17.20     44.78     85.64    118.93    103.88     30.83    405.92 
2.80     0.00      0.00      0.00      0.33      4.11     20.94     65.83    141.90    205.62    177.04     48.58    664.35 
3.00     0.00      0.00      0.03      0.88      9.12     45.84    141.72    292.70    400.27    322.94     81.51   1295.01 
3.20     0.00      0.00      0.03      2.00     25.43    126.01    347.01    602.37    677.13    450.83     94.74   2325.55 
3.40     0.00      0.00      0.38     12.58    109.22    399.62    833.93   1125.15   1009.27    547.36     97.14   4134.65 
3.60     0.00      0.07      3.84     55.57    306.30    786.63   1213.14   1260.64    902.58    405.64     61.65   4996.06 
3.80     0.01      1.06     20.47    153.16    534.70    987.49   1183.94   1015.17    625.77    248.73     33.71   4804.21 
4.00     0.06      3.48     46.37    243.64    637.03    935.30    934.38    687.24    370.66    131.99     16.63   4006.78 
4.20     0.13      3.50     34.11    147.82    332.67    427.59    379.93    251.33    124.23     40.84      4.66   1746.81 
4.40     0.25      4.02     26.34     84.79    151.35    160.96    121.04     67.92     27.85      7.37      0.69    652.58 
4.60     0.20      2.54     14.10     38.88     61.28     60.15     44.63     26.11     12.03      3.79      0.40    264.11 
4.80     0.02      0.21      0.99      2.12      2.57      2.19      1.55      0.97      0.51      0.19      0.02     11.34 
5.00     0.00      0.00      0.00      0.00      0.00      0.00      0.00      0.00      0.00      0.00      0.00      0.00 
5.20     0.00      0.00      0.00      0.00      0.00      0.00      0.00      0.00      0.00      0.00      0.00      0.00 
5.40     0.00      0.00      0.00      0.00      0.00      0.00      0.00      0.00      0.00      0.00      0.00      0.00 
5.60     0.00      0.00      0.00      0.00      0.00      0.00      0.00      0.00      0.00      0.00      0.00      0.00 
5.80     0.00      0.00      0.00      0.00      0.00      0.00      0.00      0.00      0.00      0.00      0.00      0.00 
6.00     0.00      0.00      0.00      0.00      0.00      0.00      0.00      0.00      0.00      0.00      0.00      0.00 
6.20     0.00      0.00      0.00      0.00      0.00      0.00      0.00      0.00      0.00      0.00      0.00      0.00 
6.40     0.00      0.00      0.00      0.00      0.00      0.00      0.00      0.00      0.00      0.00      0.00      0.00 
6.60     0.00      0.00      0.00      0.00      0.00      0.00      0.00      0.00      0.00      0.00      0.00      0.00 
6.80     0.00      0.00      0.00      0.00      0.00      0.00      0.00      0.00      0.00      0.00      0.00      0.00 
7.00     0.00      0.00      0.00      0.00      0.00      0.00      0.00      0.00      0.00      0.00      0.00      0.00 
7.20     0.00      0.00      0.00      0.00      0.00      0.00      0.00      0.00      0.00      0.00      0.00      0.00 
7.40     0.00      0.00      0.00      0.00      0.00      0.00      0.00      0.00      0.00      0.00      0.00      0.00 
7.60     0.00      0.00      0.00      0.00      0.00      0.00      0.00      0.00      0.00      0.00      0.00      0.00 
7.80     0.00      0.00      0.00      0.00      0.00      0.00      0.00      0.00      0.00      0.00      0.00      0.00 
8.00     0.00      0.00      0.00      0.00      0.00      0.00      0.00      0.00      0.00      0.00      0.00      0.00 
