.20     0.00      0.00      0.00      0.07      0.03      0.08      0.00      0.00      0.31      0.00      0.00      0.49 
.40     0.00      0.00      0.00      0.22      0.02      0.04      0.04      0.00      0.00      0.00      0.00      0.32 
.60     0.00      0.00      0.00      0.20      0.04      0.03      0.02      0.02      0.00      0.09      0.00      0.40 
.80     0.00      0.00      0.00      0.40      0.13      0.21      0.49      0.11      0.03      0.08      0.00      1.45 
1.00     0.00      0.00      0.00      0.54      0.47      0.22      0.38      0.69      0.29      0.02      0.01      2.62 
1.20     0.00      0.00      0.00      0.63      0.51      0.22      0.62      0.40      0.31      0.11      0.00      2.80 
1.40     0.00      0.00      0.00      0.81      0.52      1.06      0.85      0.94      1.10      0.19      0.00      5.47 
1.60     0.00      0.00      0.00      0.82      0.57      1.06      1.39      1.46      1.43      0.40      0.00      7.13 
1.80     0.00      0.00      0.00      0.87      0.92      1.76      2.09      2.42      1.69      0.74      0.02     10.51 
2.00     0.00      0.00      0.02      1.15      2.37      3.64      4.62      4.95      3.25      0.93      0.00     20.93 
2.20     0.00      0.00      0.02      1.36      3.75      7.39      8.55      6.18      4.21      1.70      0.00     33.16 
2.40     0.00      0.00      0.03      2.44      7.54     14.24     15.56      9.40      3.96      1.30      0.01     54.48 
2.60     0.00      0.00      0.08      3.41     13.12     16.83     14.86      7.90      3.14      0.59      0.00     59.93 
2.80     0.00      0.00      0.59      8.23     21.46     22.05     13.93      5.73      1.96      0.48      0.00     74.43 
3.00     0.00      0.01      0.75     14.40     27.22     18.85      9.57      3.98      1.13      0.27      0.00     76.18 
3.20     0.00      0.09      3.06     23.32     25.31     10.10      3.44      1.46      0.40      0.06      0.00     67.24 
3.40     0.00      0.26      6.73     23.88     16.65      5.54      1.75      0.59      0.17      0.03      0.00     55.60 
3.60     0.01      0.80      8.94     17.38      7.32      2.18      0.51      0.11      0.04      0.00      0.00     37.29 
3.80     0.03      2.56      7.87      6.91      2.26      0.56      0.16      0.05      0.01      0.00      0.00     20.41 
4.00     0.16      2.26      5.55      2.11      0.25      0.00      0.01      0.00      0.00      0.00      0.00     10.34 
4.20     0.17      2.08      1.57      0.57      0.12      0.06      0.00      0.00      0.00      0.00      0.00      4.57 
4.40     0.21      1.00      0.81      0.04      0.00      0.00      0.00      0.00      0.00      0.00      0.00      2.06 
4.60     0.17      0.35      0.21      0.04      0.00      0.00      0.00      0.00      0.00      0.00      0.00      0.77 
4.80     0.08      0.15      0.00      0.00      0.00      0.00      0.00      0.00      0.00      0.00      0.00      0.23 
5.00     0.06      0.04      0.00      0.00      0.00      0.00      0.00      0.00      0.00      0.00      0.00      0.10 
5.20     0.05      0.00      0.00      0.00      0.00      0.00      0.00      0.00      0.00      0.00      0.00      0.05 
5.40     0.02      0.00      0.00      0.00      0.00      0.00      0.00      0.00      0.00      0.00      0.00      0.02 
5.60     0.02      0.00      0.00      0.00      0.00      0.00      0.00      0.00      0.00      0.00      0.00      0.02 
5.80     0.02      0.00      0.00      0.00      0.00      0.00      0.00      0.00      0.00      0.00      0.00      0.02 
6.00     0.02      0.00      0.00      0.00      0.00      0.00      0.00      0.00      0.00      0.00      0.00      0.02 
6.20     0.00      0.00      0.00      0.00      0.00      0.00      0.00      0.00      0.00      0.00      0.00      0.00 
6.40     0.00      0.00      0.00      0.00      0.00      0.00      0.00      0.00      0.00      0.00      0.00      0.00 
6.60     0.00      0.00      0.00      0.00      0.00      0.00      0.00      0.00      0.00      0.00      0.00      0.00 
6.80     0.00      0.00      0.00      0.00      0.00      0.00      0.00      0.00      0.00      0.00      0.00      0.00 
7.00     0.00      0.00      0.00      0.00      0.00      0.00      0.00      0.00      0.00      0.00      0.00      0.00 
7.20     0.00      0.00      0.00      0.00      0.00      0.00      0.00      0.00      0.00      0.00      0.00      0.00 
7.40     0.00      0.00      0.00      0.00      0.00      0.00      0.00      0.00      0.00      0.00      0.00      0.00 
7.60     0.00      0.00      0.00      0.00      0.00      0.00      0.00      0.00      0.00      0.00      0.00      0.00 
7.80     0.00      0.00      0.00      0.00      0.00      0.00      0.00      0.00      0.00      0.00      0.00      0.00 
8.00     0.00      0.00      0.00      0.00      0.00      0.00      0.00      0.00      0.00      0.00      0.00      0.00 
