.20     0.00      0.00      0.00      0.07      0.78      3.52      9.13     16.36     20.72     16.98      4.21     71.77 
.40     0.00      0.00      0.00      0.22      2.44     10.32     25.74     44.47     54.69     42.67     11.24    191.79 
.60     0.00      0.00      0.00      0.20      2.14      9.85     26.72     47.80     57.52     44.46     11.50    200.19 
.80     0.00      0.00      0.00      0.40      4.48     19.46     48.81     85.56    107.47     86.94     23.10    376.22 
1.00     0.00      0.00      0.00      0.54      6.21     28.60     77.70    141.02    174.58    136.23     36.10    600.98 
1.20     0.00      0.00      0.00      0.63      7.25     31.98     83.71    148.98    183.55    141.08     36.14    633.32 
1.40     0.00      0.00      0.00      0.81      9.09     39.59    105.25    191.82    244.34    193.94     49.44    834.28 
1.60     0.00      0.00      0.00      0.82      9.42     41.87    108.23    190.34    234.68    182.28     46.49    814.13 
1.80     0.00      0.00      0.00      0.87      9.74     44.89    125.44    232.24    291.95    226.72     56.61    988.46 
2.00     0.00      0.00      0.02      1.47     16.82     77.88    206.09    361.82    432.89    314.53     73.86   1485.38 
2.20     0.00      0.00      0.02      1.63     19.47     95.45    266.59    476.43    558.27    392.27     87.87   1898.00 
2.40     0.00      0.00      0.03      2.82     34.73    166.56    442.52    739.98    793.37    500.27    100.83   2781.11 
2.60     0.00      0.00      0.08      4.57     53.76    241.69    585.84    880.77    850.79    487.47     89.48   3194.45 
2.80     0.00      0.00      0.59     16.05    134.60    482.11    961.88   1226.99   1041.43    538.59     90.43   4492.67 
3.00     0.00      0.01      0.93     25.51    197.56    627.17   1105.46   1253.82    952.81    445.49     67.87   4676.63 
3.20     0.00      0.09      4.61     67.65    362.04    884.92   1283.31   1249.11    842.90    358.45     50.15   5103.23 
3.40     0.00      0.26     10.77    116.83    497.08   1013.18   1266.50   1085.58    650.45    248.53     32.54   4921.72 
3.60     0.01      1.00     22.31    168.39    556.80    948.93   1041.72    813.99    458.48    168.32     20.48   4200.43 
3.80     0.03      3.05     44.24    239.04    615.23    857.76    802.64    555.11    286.85     98.50     11.97   3514.42 
4.00     0.16      5.05     51.24    216.61    463.94    561.58    467.68    290.66    134.00     41.12      4.50   2236.54 
4.20     0.17      4.51     38.99    149.12    301.37    355.43    296.23    189.97     92.47     29.88      3.30   1461.44 
4.40     0.21      3.79     25.63     82.11    146.07    156.43    119.03     67.89     29.17      8.55      0.96    639.84 
4.60     0.17      2.59     16.22     50.27     87.84     92.78     71.16     42.23     19.35      5.97      0.67    389.25 
4.80     0.08      1.08      6.00     16.84     26.92     25.99     17.88      9.29      3.48      0.87      0.07    108.50 
5.00     0.06      0.86      4.97     14.33     22.92     22.41     16.34      9.30      4.14      1.29      0.15     96.77 
5.20     0.05      0.53      2.52      6.24      8.99      7.98      5.05      2.31      0.71      0.12      0.01     34.51 
5.40     0.02      0.21      0.99      2.39      3.38      3.18      2.34      1.43      0.71      0.22      0.02     14.89 
5.60     0.02      0.24      1.27      3.54      5.68      5.63      4.21      2.57      1.21      0.40      0.04     24.81 
5.80     0.02      0.21      0.99      2.49      3.59      3.04      1.87      0.86      0.33      0.12      0.02     13.54 
6.00     0.02      0.20      0.90      2.03      2.61      2.08      1.19      0.52      0.17      0.03      0.00      9.75 
6.20     0.00      0.00      0.00      0.00      0.00      0.00      0.00      0.00      0.00      0.00      0.00      0.00 
6.40     0.00      0.00      0.00      0.00      0.00      0.00      0.00      0.00      0.00      0.00      0.00      0.00 
6.60     0.00      0.00      0.00      0.00      0.00      0.00      0.00      0.00      0.00      0.00      0.00      0.00 
6.80     0.00      0.00      0.00      0.00      0.00      0.00      0.00      0.00      0.00      0.00      0.00      0.00 
7.00     0.00      0.00      0.00      0.00      0.00      0.00      0.00      0.00      0.00      0.00      0.00      0.00 
7.20     0.00      0.00      0.00      0.00      0.00      0.00      0.00      0.00      0.00      0.00      0.00      0.00 
7.40     0.00      0.00      0.00      0.00      0.00      0.00      0.00      0.00      0.00      0.00      0.00      0.00 
7.60     0.00      0.00      0.00      0.00      0.00      0.00      0.00      0.00      0.00      0.00      0.00      0.00 
7.80     0.00      0.00      0.00      0.00      0.00      0.00      0.00      0.00      0.00      0.00      0.00      0.00 
8.00     0.00      0.00      0.00      0.00      0.00      0.00      0.00      0.00      0.00      0.00      0.00      0.00 
