.20     0.00      0.00      0.00      0.07      0.03      0.04      0.00      0.00      0.00      0.00      0.00      0.14      0.00 
.40     0.00      0.00      0.00      0.22      0.00      0.03      0.00      0.00      0.00      0.00      0.00      0.25      0.01 
.60     0.00      0.00      0.00      0.20      0.04      0.00      0.02      0.02      0.00      0.00      0.00      0.28      0.00 
.80     0.00      0.00      0.00      0.40      0.12      0.13      0.22      0.00      0.02      0.00      0.00      0.89      0.17 
1.00     0.00      0.00      0.00      0.54      0.38      0.14      0.09      0.14      0.12      0.01      0.01      1.43      0.05 
1.20     0.00      0.00      0.00      0.63      0.43      0.13      0.30      0.14      0.03      0.00      0.00      1.66      0.10 
1.40     0.00      0.00      0.00      0.77      0.44      0.66      0.46      0.34      0.11      0.04      0.00      2.82      0.30 
1.60     0.00      0.00      0.00      0.82      0.41      0.74      0.69      0.69      0.30      0.09      0.00      3.74      0.57 
1.80     0.00      0.00      0.00      0.86      0.69      1.32      1.15      1.00      0.64      0.15      0.02      5.83      0.77 
2.00     0.00      0.00      0.02      1.08      1.64      2.18      2.31      2.44      1.17      0.20      0.00     11.04      2.19 
2.20     0.00      0.00      0.02      1.30      2.69      4.30      4.26      2.63      1.27      0.24      0.00     16.71      3.55 
2.40     0.00      0.00      0.03      2.14      4.42      6.84      6.19      3.17      0.80      0.23      0.01     23.83      7.43 
2.60     0.00      0.00      0.08      2.88      7.39      8.14      6.16      2.76      0.72      0.13      0.00     28.26      8.66 
2.80     0.00      0.00      0.56      5.45     10.07      8.91      4.66      1.98      0.48      0.12      0.00     32.23     12.77 
3.00     0.00      0.01      0.67      8.05     11.42      7.03      3.35      1.05      0.21      0.07      0.00     31.86     15.26 
3.20     0.00      0.09      2.27     11.00      9.35      3.99      1.22      0.48      0.14      0.02      0.00     28.56     14.46 
3.40     0.00      0.26      4.31     10.63      5.90      1.95      0.60      0.14      0.07      0.02      0.00     23.88     12.65 
3.60     0.01      0.80      5.45      7.25      2.57      0.73      0.17      0.05      0.00      0.00      0.00     17.03      8.62 
3.80     0.03      2.56      4.86      3.31      1.01      0.24      0.08      0.02      0.00      0.00      0.00     12.11      4.17 
4.00     0.16      2.26      3.39      1.24      0.16      0.00      0.01      0.00      0.00      0.00      0.00      7.22      1.93 
4.20     0.17      2.08      1.12      0.37      0.03      0.02      0.00      0.00      0.00      0.00      0.00      3.79      0.42 
4.40     0.21      1.00      0.48      0.03      0.00      0.00      0.00      0.00      0.00      0.00      0.00      1.72      0.20 
4.60     0.17      0.35      0.20      0.03      0.00      0.00      0.00      0.00      0.00      0.00      0.00      0.75      0.02 
4.80     0.08      0.15      0.00      0.00      0.00      0.00      0.00      0.00      0.00      0.00      0.00      0.23      0.00 
5.00     0.06      0.04      0.00      0.00      0.00      0.00      0.00      0.00      0.00      0.00      0.00      0.10      0.00 
5.20     0.05      0.00      0.00      0.00      0.00      0.00      0.00      0.00      0.00      0.00      0.00      0.05      0.00 
5.40     0.02      0.00      0.00      0.00      0.00      0.00      0.00      0.00      0.00      0.00      0.00      0.02      0.00 
5.60     0.02      0.00      0.00      0.00      0.00      0.00      0.00      0.00      0.00      0.00      0.00      0.02      0.00 
5.80     0.02      0.00      0.00      0.00      0.00      0.00      0.00      0.00      0.00      0.00      0.00      0.02      0.00 
6.00     0.02      0.00      0.00      0.00      0.00      0.00      0.00      0.00      0.00      0.00      0.00      0.02      0.00 
6.20     0.00      0.00      0.00      0.00      0.00      0.00      0.00      0.00      0.00      0.00      0.00      0.00      0.00 
6.40     0.00      0.00      0.00      0.00      0.00      0.00      0.00      0.00      0.00      0.00      0.00      0.00      0.00 
6.60     0.00      0.00      0.00      0.00      0.00      0.00      0.00      0.00      0.00      0.00      0.00      0.00      0.00 
6.80     0.00      0.00      0.00      0.00      0.00      0.00      0.00      0.00      0.00      0.00      0.00      0.00      0.00 
7.00     0.00      0.00      0.00      0.00      0.00      0.00      0.00      0.00      0.00      0.00      0.00      0.00      0.00 
7.20     0.00      0.00      0.00      0.00      0.00      0.00      0.00      0.00      0.00      0.00      0.00      0.00      0.00 
7.40     0.00      0.00      0.00      0.00      0.00      0.00      0.00      0.00      0.00      0.00      0.00      0.00      0.00 
7.60     0.00      0.00      0.00      0.00      0.00      0.00      0.00      0.00      0.00      0.00      0.00      0.00      0.00 
7.80     0.00      0.00      0.00      0.00      0.00      0.00      0.00      0.00      0.00      0.00      0.00      0.00      0.00 
8.00     0.00      0.00      0.00      0.00      0.00      0.00      0.00      0.00      0.00      0.00      0.00      0.00      0.00 
