.20     0.00      0.00      0.00      1.54     25.79    140.82    461.93   1102.56   2068.96   3233.96   4343.09   5011.16   4893.52   3823.79   2020.05    270.37  27397.54 
.40     0.00      0.00      0.00      3.23     55.09    306.48    978.59   2262.59   4166.10   6364.20   8195.69   8951.01   8199.24   5964.13   2875.58    352.29  48674.22 
.60     0.00      0.00      0.00      5.03     84.11    469.76   1545.55   3628.41   6629.25   9913.69  12429.20  13142.36  11509.75   7880.59   3557.87    413.63  71209.20 
.80     0.00      0.00      0.00      7.77    129.04    711.11   2329.19   5324.01   9380.38  13466.55  16066.34  15967.96  13015.10   8273.80   3522.18    393.38  88586.81 
1.00     0.00      0.00      0.00     10.26    171.34    963.04   3149.50   7133.33  12276.97  16852.30  18987.88  17718.89  13511.70   8035.61   3208.35    348.53  102367.70 
1.20     0.00      0.00      0.00     12.78    215.59   1197.66   3775.61   8268.92  13802.78  18386.40  20006.96  17954.70  13184.30   7535.41   2860.80    308.00  107509.91 
1.40     0.00      0.00      0.00     15.78    263.79   1459.43   4551.27   9637.95  15189.47  18882.52  19138.93  16080.86  11125.86   6052.63   2239.22    247.07  104884.78 
1.60     0.00      0.00      0.00     20.76    347.13   1881.64   5565.05  11011.18  16083.96  18508.61  17422.09  13678.09   8940.53   4612.28   1613.47    178.46  99863.25 
1.80     0.00      0.00      0.00     27.50    447.25   2368.89   6677.10  12460.80  17266.01  18911.31  16929.18  12650.43   7837.69   3854.08   1306.12    147.40  100883.76 
2.00     0.00      0.00      0.00     32.67    508.77   2589.45   7111.42  12821.62  16919.61  17667.09  15281.73  11149.08   6815.76   3337.48   1133.56    132.05  95500.29 
2.20     0.00      0.00      0.00     41.62    642.88   3162.52   7949.23  13018.88  15695.54  15269.69  12566.48   8864.66   5278.69   2508.44    825.18    100.85  85924.66 
2.40     0.00      0.00      0.00     54.44    785.78   3678.40   8837.46  13871.40  16172.34  15037.55  11701.24   7817.70   4462.54   2080.22    686.93     86.69  85272.69 
2.60     0.00      0.00      0.00     65.17    876.57   3862.83   8778.02  13105.53  14797.91  13626.97  10730.90   7312.95   4226.31   1969.03    644.85     82.67  80079.71 
2.80     0.00      0.00      0.00     71.64    984.91   4273.07   9269.41  13065.62  14059.85  12506.62   9501.55   6244.14   3508.77   1613.77    532.45     72.10  75703.90 
3.00     0.00      0.00      0.00     92.37   1136.83   4506.78   9055.73  12075.74  12450.37  10770.50   8077.74   5285.07   2972.30   1369.18    453.97     63.30  68309.88 
3.20     0.00      0.00      0.00    119.69   1354.65   4987.24   9534.80  12347.80  12632.23  10919.66   8189.70   5373.86   3025.21   1385.73    449.16     62.48  70382.21 
3.40     0.00      0.00      0.00    139.12   1500.78   5264.62   9451.30  11674.20  11387.72   9431.94   6849.89   4377.28   2423.88   1110.50    373.87     55.37  64040.47 
3.60     0.00      0.00      0.00    153.29   1594.92   5344.49   9152.41  10735.79  10095.29   8169.70   5817.30   3645.56   1973.88    884.65    286.61     42.92  57896.81 
3.80     0.00      0.00      0.00    158.68   1596.29   5226.56   8963.27  10643.67  10104.52   8230.85   5916.66   3765.70   2081.12    951.50    317.92     47.72  58004.46 
4.00     0.00      0.00      0.00    181.61   1737.05   5361.69   8773.70  10114.29   9426.39   7636.25   5507.84   3530.33   1952.80    881.87    285.80     42.74  55432.36 
4.20     0.00      0.00      0.00    207.30   1874.41   5416.03   8435.99   9546.85   8797.07   7023.07   4975.09   3144.05   1735.30    788.13    258.41     39.49  52241.19 
4.40     0.00      0.00      0.00    211.16   1901.13   5517.45   8555.20   9442.08   8523.08   6692.71   4692.26   2943.89   1617.17    729.44    239.26     36.82  51101.65 
4.60     0.00      0.00      0.00    235.62   2009.09   5417.73   7911.18   8481.87   7595.50   5967.94   4182.44   2610.95   1420.68    641.96    213.98     34.23  46723.17 
4.80     0.00      0.00      0.00    259.47   2143.03   5560.52   7925.00   8387.88   7526.73   5927.86   4156.30   2595.36   1418.11    642.87    213.02     34.24  46790.39 
5.00     0.00      0.00      0.00    253.54   2058.79   5219.80   7341.66   7707.80   6817.30   5364.89   3790.25   2381.92   1297.70    580.99    188.56     29.94  43033.14 
5.20     0.00      0.00      0.00    269.45   2117.36   5067.08   6807.52   7084.56   6287.03   4933.55   3463.90   2156.89   1158.02    512.61    167.46     27.17  40052.60 
5.40     0.00      0.00      0.00    287.09   2222.80   5262.56   7060.19   7175.20   6214.97   4770.52   3288.54   2040.96   1111.74    503.00    169.70     28.84  40136.11 
5.60     0.00      0.00      0.00    282.07   2119.68   4804.73   6367.45   6461.58   5585.15   4314.58   2992.35   1845.60    992.02    441.03    143.33     23.65  36373.22 
5.80     0.00      0.00      0.00    295.87   2243.22   5139.61   6718.14   6707.19   5761.66   4455.50   3130.23   1985.79   1100.10    501.86    165.60     27.37  38232.14 
6.00     0.00      0.00      0.00    307.55   2250.29   4870.50   6173.68   6128.05   5261.54   4043.63   2797.90   1733.33    941.40    427.15    143.13     24.24  35102.39 
6.20     0.00      0.00      0.00    314.49   2271.21   4809.85   6062.72   6008.45   5109.60   3870.42   2659.91   1643.78    888.63    395.22    129.25     22.07  34185.60 
6.40     0.00      0.00      0.00    322.40   2323.21   4886.17   6068.96   5953.72   5063.55   3873.99   2688.68   1673.19    912.34    411.48    136.01     22.98  34336.68 
6.60     0.00      0.00      0.00    333.46   2344.13   4745.02   5817.86   5664.51   4801.49   3660.26   2539.75   1581.96    854.44    378.28    121.89     20.50  32863.55 
6.80     0.00      0.00      0.00    326.79   2293.11   4591.94   5566.46   5380.59   4546.97   3491.49   2432.37   1512.76    820.57    366.56    119.90     20.40  31469.91 
7.00     0.00      0.00      0.00    337.56   2316.50   4465.61   5315.10   5114.29   4328.58   3305.27   2291.92   1429.35    776.90    349.62    116.80     20.24  30167.74 
7.20     0.00      0.00      0.00    334.82   2276.19   4311.52   5134.30   4954.40   4210.90   3226.53   2226.08   1377.78    744.61    332.21    108.47     18.50  29256.31 
7.40     0.00      0.00      0.00    344.95   2342.95   4423.29   5217.06   4991.83   4211.45   3211.57   2218.94   1371.50    738.10    332.35    111.83     19.60  29535.42 
7.60     0.00      0.00      0.00    336.96   2269.78   4194.51   4872.18   4599.32   3843.25   2905.62   1995.12   1234.52    669.09    301.46    100.71     17.58  27340.10 
7.80     0.00      0.00      0.00    329.91   2206.52   4025.84   4697.34   4509.29   3833.25   2943.86   2037.80   1267.61    688.53    308.93    102.31     17.43  26968.62 
8.00     0.00      0.00      0.00    346.10   2303.42   4174.53   4885.33   4632.25   3870.02   2932.03   2028.96   1264.92    695.43    316.29    104.98     18.13  27572.39 
