.20     0.00      0.00      0.00      1.51      0.02      0.00      0.08      0.00      0.00      0.00      0.00      0.00      0.00      0.00      0.00      0.00      1.61      0.05 
.40     0.00      0.00      0.00      3.13      0.14      0.16      0.20      0.26      0.19      0.39      0.19      0.00      0.00      0.00      0.00      0.00      4.66      0.35 
.60     0.00      0.00      0.00      4.67      0.39      0.80      0.73      0.84      1.54      0.96      0.62      0.64      0.07      0.00      0.00      0.00     11.26      1.43 
.80     0.00      0.00      0.00      6.67      0.85      1.03      1.33      1.70      1.21      1.40      1.39      0.36      0.78      0.00      0.00      0.00     16.72      2.57 
1.00     0.00      0.00      0.00      8.76      1.43      1.76      2.11      3.02      1.83      1.55      1.00      0.79      0.14      0.09      0.00      0.00     22.48      5.85 
1.20     0.00      0.00      0.00     10.38      2.33      2.79      2.83      3.95      2.40      1.49      1.27      0.42      0.20      0.03      0.00      0.00     28.09      8.75 
1.40     0.00      0.00      0.00     12.32      3.43      4.06      4.95      4.22      3.67      2.43      1.32      0.54      0.04      0.00      0.00      0.00     36.98     13.50 
1.60     0.00      0.00      0.00     14.49      3.82      4.68      4.79      3.84      2.80      1.77      0.77      0.59      0.12      0.00      0.00      0.00     37.67     15.45 
1.80     0.00      0.00      0.00     16.74      5.18      5.42      5.94      4.07      3.68      2.04      1.07      0.45      0.10      0.02      0.00      0.00     44.71     20.45 
2.00     0.00      0.00      0.00     18.96      5.85      5.88      5.33      3.17      1.88      1.20      0.48      0.38      0.31      0.03      0.00      0.00     43.47     22.64 
2.20     0.00      0.00      0.00     21.06      7.71      6.40      4.43      3.24      1.79      1.03      0.58      0.21      0.17      0.02      0.00      0.00     46.64     24.07 
2.40     0.00      0.00      0.00     23.51      7.96      6.88      4.61      3.20      1.61      0.91      0.41      0.24      0.10      0.01      0.04      0.00     49.48     28.46 
2.60     0.00      0.00      0.00     25.57      8.27      5.82      4.28      2.18      1.61      1.11      0.48      0.14      0.05      0.01      0.02      0.00     49.54     28.91 
2.80     0.00      0.00      0.00     27.30      8.98      5.83      3.57      2.07      1.27      0.57      0.38      0.21      0.05      0.02      0.00      0.00     50.25     29.87 
3.00     0.00      0.00      0.00     28.57      9.20      4.75      3.26      2.03      1.11      0.67      0.56      0.25      0.07      0.04      0.01      0.00     50.52     30.32 
3.20     0.00      0.00      0.00     30.70      8.58      4.38      2.75      1.73      1.01      0.56      0.38      0.22      0.11      0.09      0.00      0.00     50.51     31.39 
3.40     0.00      0.00      0.00     32.88      8.80      4.15      2.18      1.54      0.68      0.54      0.28      0.17      0.03      0.02      0.00      0.00     51.27     33.06 
3.60     0.00      0.00      0.00     33.99      7.95      3.13      1.72      1.17      0.68      0.38      0.27      0.14      0.05      0.02      0.01      0.00     49.51     32.50 
3.80     0.00      0.00      0.00     34.42      8.03      3.30      1.79      0.97      0.62      0.31      0.17      0.20      0.08      0.00      0.00      0.00     49.89     31.52 
4.00     0.00      0.00      0.00     36.58      7.55      2.74      1.44      0.73      0.72      0.43      0.20      0.08      0.06      0.02      0.01      0.00     50.56     30.31 
4.20     0.00      0.00      0.00     37.49      6.50      2.25      1.06      0.55      0.27      0.32      0.19      0.10      0.02      0.00      0.01      0.00     48.76     31.07 
4.40     0.00      0.00      0.00     37.35      7.12      2.15      1.23      0.83      0.40      0.23      0.20      0.11      0.08      0.04      0.01      0.00     49.75     32.23 
4.60     0.00      0.00      0.00     38.63      5.94      1.74      0.61      0.51      0.40      0.17      0.21      0.08      0.00      0.01      0.00      0.00     48.30     30.88 
4.80     0.00      0.00      0.00     40.27      4.75      1.43      0.76      0.65      0.33      0.33      0.12      0.10      0.09      0.00      0.00      0.00     48.83     28.55 
5.00     0.00      0.00      0.00     39.59      4.61      1.25      0.71      0.59      0.38      0.16      0.11      0.05      0.02      0.05      0.00      0.00     47.52     28.24 
5.20     0.00      0.00      0.00     40.04      3.86      1.28      0.72      0.54      0.24      0.17      0.14      0.05      0.01      0.03      0.00      0.00     47.08     27.17 
5.40     0.00      0.00      0.00     41.35      3.85      1.08      0.66      0.36      0.36      0.11      0.10      0.06      0.04      0.00      0.00      0.00     47.97     25.45 
5.60     0.00      0.00      0.00     40.67      3.03      0.78      0.43      0.44      0.31      0.26      0.04      0.02      0.04      0.00      0.00      0.00     46.02     28.78 
5.80     0.00      0.00      0.00     42.02      3.11      0.89      0.48      0.34      0.19      0.13      0.15      0.04      0.03      0.01      0.02      0.00     47.41     28.97 
6.00     0.00      0.00      0.00     41.97      2.43      0.58      0.31      0.27      0.26      0.10      0.10      0.04      0.01      0.00      0.00      0.00     46.07     25.56 
6.20     0.00      0.00      0.00     43.12      2.14      0.59      0.39      0.15      0.10      0.14      0.11      0.01      0.00      0.00      0.00      0.00     46.75     27.40 
6.40     0.00      0.00      0.00     42.84      1.77      0.55      0.31      0.23      0.15      0.13      0.05      0.02      0.02      0.00      0.00      0.00     46.07     22.37 
6.60     0.00      0.00      0.00     43.73      1.76      0.35      0.28      0.24      0.13      0.12      0.07      0.04      0.02      0.00      0.00      0.00     46.74     23.87 
6.80     0.00      0.00      0.00     42.43      1.58      0.44      0.24      0.18      0.17      0.09      0.03      0.06      0.02      0.00      0.00      0.00     45.24     24.28 
7.00     0.00      0.00      0.00     43.14      1.50      0.29      0.16      0.11      0.09      0.06      0.01      0.00      0.00      0.02      0.00      0.00     45.38     24.54 
7.20     0.00      0.00      0.00     43.14      1.06      0.44      0.14      0.16      0.10      0.07      0.02      0.04      0.02      0.00      0.00      0.00     45.19     25.85 
7.40     0.00      0.00      0.00     43.74      0.91      0.16      0.15      0.04      0.06      0.05      0.01      0.01      0.01      0.02      0.00      0.00     45.16     23.44 
7.60     0.00      0.00      0.00     42.69      0.92      0.15      0.17      0.10      0.08      0.01      0.04      0.01      0.00      0.00      0.00      0.00     44.17     25.19 
7.80     0.00      0.00      0.00     42.20      0.79      0.12      0.17      0.13      0.09      0.03      0.03      0.01      0.00      0.00      0.00      0.00     43.57     23.03 
8.00     0.00      0.00      0.00     43.02      0.75      0.12      0.08      0.08      0.04      0.05      0.03      0.02      0.01      0.00      0.00      0.00     44.20     22.56 
