.20     0.00      0.00      0.00      1.54      0.07      0.10      0.09      0.03      0.01      0.02      0.00      0.00      0.00      0.00      0.00      0.00      1.86 
.40     0.00      0.00      0.00      3.23      0.50      0.37      0.38      0.34      0.25      0.13      0.04      0.04      0.03      0.00      0.00      0.00      5.31 
.60     0.00      0.00      0.00      5.03      1.37      1.54      1.37      1.01      0.85      0.61      0.31      0.18      0.05      0.00      0.00      0.00     12.32 
.80     0.00      0.00      0.00      7.77      3.62      3.37      2.54      2.14      1.25      0.78      0.35      0.13      0.03      0.03      0.01      0.00     22.02 
1.00     0.00      0.00      0.00     10.26      6.54      6.27      5.04      4.01      1.78      1.16      0.49      0.26      0.08      0.01      0.00      0.00     35.90 
1.20     0.00      0.00      0.00     12.78     11.66     11.40      9.45      7.02      3.34      1.38      0.62      0.08      0.05      0.01      0.00      0.00     57.79 
1.40     0.00      0.00      0.00     15.78     16.75     20.80     16.05      8.57      3.01      1.10      0.24      0.05      0.00      0.00      0.00      0.00     82.35 
1.60     0.00      0.00      0.00     20.76     25.44     27.50     17.60      8.13      2.42      0.58      0.10      0.01      0.00      0.00      0.00      0.00    102.54 
1.80     0.00      0.00      0.00     27.50     46.50     30.86     18.37      7.24      2.47      0.43      0.05      0.02      0.00      0.00      0.00      0.00    133.44 
2.00     0.00      0.00      0.00     32.67     50.94     41.94     19.09      5.21      1.21      0.19      0.02      0.02      0.02      0.00      0.00      0.00    151.31 
2.20     0.00      0.00      0.00     41.62     71.43     47.39     15.41      3.88      1.05      0.15      0.00      0.01      0.00      0.00      0.00      0.00    180.94 
2.40     0.00      0.00      0.00     54.44     93.17     53.17     14.32      2.32      0.43      0.04      0.02      0.00      0.00      0.00      0.00      0.00    217.91 
2.60     0.00      0.00      0.00     65.17    100.21     42.13     10.65      2.14      0.37      0.03      0.00      0.00      0.00      0.00      0.00      0.00    220.70 
2.80     0.00      0.00      0.00     71.64    137.00     45.67      7.92      0.74      0.08      0.03      0.00      0.00      0.00      0.00      0.00      0.00    263.08 
3.00     0.00      0.00      0.00     92.37    121.38     36.09      4.95      0.57      0.04      0.00      0.00      0.00      0.00      0.00      0.00      0.00    255.40 
3.20     0.00      0.00      0.00    119.69    123.72     27.59      2.66      0.23      0.03      0.00      0.00      0.00      0.00      0.00      0.00      0.00    273.92 
3.40     0.00      0.00      0.00    139.12    137.09     20.28      1.68      0.12      0.00      0.00      0.00      0.00      0.00      0.00      0.00      0.00    298.29 
3.60     0.00      0.00      0.00    153.29    131.38     16.85      1.25      0.16      0.00      0.00      0.00      0.00      0.00      0.00      0.00      0.00    302.93 
3.80     0.00      0.00      0.00    158.68    125.97     18.76      1.40      0.03      0.00      0.00      0.00      0.00      0.00      0.00      0.00      0.00    304.84 
4.00     0.00      0.00      0.00    181.61    115.30     14.19      0.76      0.00      0.00      0.00      0.00      0.00      0.00      0.00      0.00      0.00    311.86 
4.20     0.00      0.00      0.00    207.30     99.00      8.82      0.23      0.01      0.00      0.00      0.00      0.00      0.00      0.00      0.00      0.00    315.36 
4.40     0.00      0.00      0.00    211.16    103.25      7.48      0.38      0.00      0.00      0.00      0.00      0.00      0.00      0.00      0.00      0.00    322.27 
4.60     0.00      0.00      0.00    235.62     82.44      4.67      0.10      0.00      0.00      0.00      0.00      0.00      0.00      0.00      0.00      0.00    322.83 
4.80     0.00      0.00      0.00    259.47     71.60      3.28      0.04      0.00      0.00      0.00      0.00      0.00      0.00      0.00      0.00      0.00    334.39 
5.00     0.00      0.00      0.00    253.54     65.84      2.88      0.01      0.00      0.00      0.00      0.00      0.00      0.00      0.00      0.00      0.00    322.27 
5.20     0.00      0.00      0.00    269.45     54.66      1.74      0.00      0.00      0.00      0.00      0.00      0.00      0.00      0.00      0.00      0.00    325.85 
5.40     0.00      0.00      0.00    287.09     52.29      1.36      0.01      0.00      0.00      0.00      0.00      0.00      0.00      0.00      0.00      0.00    340.75 
5.60     0.00      0.00      0.00    282.07     39.46      0.85      0.00      0.00      0.00      0.00      0.00      0.00      0.00      0.00      0.00      0.00    322.38 
5.80     0.00      0.00      0.00    295.87     47.53      1.03      0.00      0.00      0.00      0.00      0.00      0.00      0.00      0.00      0.00      0.00    344.43 
6.00     0.00      0.00      0.00    307.55     33.34      0.68      0.00      0.00      0.00      0.00      0.00      0.00      0.00      0.00      0.00      0.00    341.57 
6.20     0.00      0.00      0.00    314.49     27.55      0.40      0.00      0.00      0.00      0.00      0.00      0.00      0.00      0.00      0.00      0.00    342.44 
6.40     0.00      0.00      0.00    322.40     23.36      0.59      0.00      0.00      0.00      0.00      0.00      0.00      0.00      0.00      0.00      0.00    346.35 
6.60     0.00      0.00      0.00    333.46     25.06      0.02      0.00      0.00      0.00      0.00      0.00      0.00      0.00      0.00      0.00      0.00    358.54 
6.80     0.00      0.00      0.00    326.79     20.55      0.03      0.00      0.00      0.00      0.00      0.00      0.00      0.00      0.00      0.00      0.00    347.37 
7.00     0.00      0.00      0.00    337.56     14.31      0.10      0.00      0.00      0.00      0.00      0.00      0.00      0.00      0.00      0.00      0.00    351.97 
7.20     0.00      0.00      0.00    334.82     12.41      0.18      0.00      0.00      0.00      0.00      0.00      0.00      0.00      0.00      0.00      0.00    347.41 
7.40     0.00      0.00      0.00    344.95     10.31      0.10      0.00      0.00      0.00      0.00      0.00      0.00      0.00      0.00      0.00      0.00    355.36 
7.60     0.00      0.00      0.00    336.96     11.07      0.00      0.00      0.00      0.00      0.00      0.00      0.00      0.00      0.00      0.00      0.00    348.03 
7.80     0.00      0.00      0.00    329.91      9.11      0.01      0.00      0.00      0.00      0.00      0.00      0.00      0.00      0.00      0.00      0.00    339.03 
8.00     0.00      0.00      0.00    346.10      7.79      0.01      0.00      0.00      0.00      0.00      0.00      0.00      0.00      0.00      0.00      0.00    353.90 
