.20     0.00      0.00      0.00      0.04      0.87      6.41     22.87     52.38    100.34    164.98    227.31    258.13    246.41    190.39    104.54     16.67   1391.34 
.40     0.00      0.00      0.00      0.15      2.52     14.70     45.14    105.15    208.50    350.66    513.98    636.45    644.39    528.29    302.36     45.03   3397.32 
.60     0.00      0.00      0.00      0.32      5.42     31.36    100.89    233.85    448.80    726.11   1012.72   1226.90   1258.76   1037.23    587.65     86.27   6756.28 
.80     0.00      0.00      0.00      0.26      4.43     25.82     80.12    197.94    397.18    665.12    946.83   1163.31   1209.99   1001.67    554.28     86.64   6333.59 
1.00     0.00      0.00      0.00      0.45      7.28     40.71    140.30    339.86    654.02   1048.13   1441.28   1708.83   1713.34   1382.36    754.82    117.64   9349.02 
1.20     0.00      0.00      0.00      0.50      8.30     47.24    163.20    424.96    868.74   1450.19   2010.05   2353.00   2313.50   1816.01    971.79    140.90  12568.38 
1.40     0.00      0.00      0.00      0.48      8.09     47.42    165.16    419.41    837.24   1389.75   1992.63   2462.68   2556.53   2083.80   1142.58    163.12  13268.89 
1.60     0.00      0.00      0.00      0.68     11.59     67.75    234.57    586.88   1126.73   1794.18   2472.30   2965.22   3045.67   2527.83   1420.86    213.48  16467.74 
1.80     0.00      0.00      0.00      0.88     15.06     87.30    303.36    756.44   1527.32   2581.72   3677.27   4451.61   4535.96   3682.22   2017.47    293.22  23929.83 
2.00     0.00      0.00      0.03      1.25     16.77     86.48    283.32    697.94   1405.21   2369.15   3423.00   4227.82   4408.71   3651.54   2028.98    300.28  22900.48 
2.20     0.00      0.00      0.00      0.87     15.14     90.78    321.28    816.34   1625.53   2736.35   3984.91   5000.80   5262.60   4353.10   2409.06    351.73  26968.49 
2.40     0.00      0.00      0.01      1.35     20.65    113.13    379.58    968.75   2012.17   3503.05   5200.88   6558.87   6837.39   5555.10   2981.05    421.12  34553.10 
2.60     0.00      0.00      0.02      1.82     28.86    173.85    632.29   1701.09   3661.07   6407.76   9285.66  11154.54  10930.93   8215.83   4026.51    508.71  56728.94 
2.80     0.00      0.00      0.00      1.39     25.90    169.90    680.63   1990.57   4545.14   8219.49  11900.71  13862.01  12842.47   8992.15   4072.58    474.42  67777.36 
3.00     0.00      0.00      0.00      1.94     41.89    322.06   1406.76   4047.69   8497.29  13702.26  17465.46  17806.83  14442.70   8911.84   3612.07    377.75  90636.54 
3.20     0.00      0.00      0.01      3.41     86.84    677.25   2715.08   6986.01  12840.81  18003.91  20016.03  17939.12  12885.10   7121.91   2607.10    250.55  102133.13 
3.40     0.00      0.00      0.47     26.98    417.14   2304.50   7006.45  13985.58  20459.05  23368.23  21652.91  16526.63  10307.87   5004.26   1612.16    139.61  122811.84 
3.60     0.00      0.10      9.02    199.41   1648.74   5691.23  11886.84  17671.15  20450.65  19302.96  15230.49  10100.24   5560.93   2421.80    710.96     55.82  110940.34 
3.80     0.01      1.69     55.56    652.13   3437.47   8370.49  13217.43  15687.77  15084.48  12184.65   8461.88   5077.19   2591.70   1063.58    301.69     22.82  86210.54 
4.00     0.03      4.09     94.50    821.83   3362.10   6628.04   8709.61   8854.01   7453.58   5335.69   3303.65   1774.08    807.98    293.07     72.75      5.02  47520.03 
4.20     0.16      7.20     99.19    598.65   1878.92   3041.77   3418.84   3041.51   2303.76   1532.96    895.32    451.05    189.62     63.04     13.43      0.79  17536.21 
4.40     0.28      6.40     65.82    337.08    946.05   1407.61   1510.58   1323.91    997.59    658.35    383.68    196.75     87.20     32.01      8.61      0.72   7962.64 
4.60     0.11      2.46     22.11     98.44    245.88    334.56    336.30    270.29    184.81    108.81     56.69     26.53     10.51      3.45      0.86      0.07   1701.88 
4.80     0.03      0.49      3.73     14.30     31.36     40.38     39.99     33.70     24.66     15.90      8.74      4.30      1.93      0.68      0.13      0.01    220.33 
5.00     0.00      0.00      0.00      0.00      0.00      0.00      0.00      0.00      0.00      0.00      0.00      0.00      0.00      0.00      0.00      0.00      0.00 
5.20     0.05      0.81      6.12     24.26     54.67     66.54     62.53     49.43     33.87     19.14      8.73      3.04      0.89      0.24      0.03      0.00    330.35 
5.40     0.00      0.00      0.00      0.00      0.00      0.00      0.00      0.00      0.00      0.00      0.00      0.00      0.00      0.00      0.00      0.00      0.00 
5.60     0.00      0.00      0.00      0.00      0.00      0.00      0.00      0.00      0.00      0.00      0.00      0.00      0.00      0.00      0.00      0.00      0.00 
5.80     0.00      0.00      0.00      0.00      0.00      0.00      0.00      0.00      0.00      0.00      0.00      0.00      0.00      0.00      0.00      0.00      0.00 
6.00     0.00      0.00      0.00      0.00      0.00      0.00      0.00      0.00      0.00      0.00      0.00      0.00      0.00      0.00      0.00      0.00      0.00 
6.20     0.00      0.00      0.00      0.00      0.00      0.00      0.00      0.00      0.00      0.00      0.00      0.00      0.00      0.00      0.00      0.00      0.00 
6.40     0.00      0.00      0.00      0.00      0.00      0.00      0.00      0.00      0.00      0.00      0.00      0.00      0.00      0.00      0.00      0.00      0.00 
6.60     0.00      0.00      0.00      0.00      0.00      0.00      0.00      0.00      0.00      0.00      0.00      0.00      0.00      0.00      0.00      0.00      0.00 
6.80     0.00      0.00      0.00      0.00      0.00      0.00      0.00      0.00      0.00      0.00      0.00      0.00      0.00      0.00      0.00      0.00      0.00 
7.00     0.00      0.00      0.00      0.00      0.00      0.00      0.00      0.00      0.00      0.00      0.00      0.00      0.00      0.00      0.00      0.00      0.00 
7.20     0.00      0.00      0.00      0.00      0.00      0.00      0.00      0.00      0.00      0.00      0.00      0.00      0.00      0.00      0.00      0.00      0.00 
7.40     0.00      0.00      0.00      0.00      0.00      0.00      0.00      0.00      0.00      0.00      0.00      0.00      0.00      0.00      0.00      0.00      0.00 
7.60     0.00      0.00      0.00      0.00      0.00      0.00      0.00      0.00      0.00      0.00      0.00      0.00      0.00      0.00      0.00      0.00      0.00 
7.80     0.00      0.00      0.00      0.00      0.00      0.00      0.00      0.00      0.00      0.00      0.00      0.00      0.00      0.00      0.00      0.00      0.00 
8.00     0.00      0.00      0.00      0.00      0.00      0.00      0.00      0.00      0.00      0.00      0.00      0.00      0.00      0.00      0.00      0.00      0.00 
