.20     0.00      0.00      0.00      0.04      0.00      0.01      0.00      0.00      0.00      0.00      0.00      0.01      0.00      0.00      0.00      0.00      0.06      0.00 
.40     0.00      0.00      0.00      0.15      0.02      0.01      0.00      0.00      0.01      0.00      0.02      0.01      0.01      0.00      0.00      0.00      0.23      0.00 
.60     0.00      0.00      0.00      0.32      0.06      0.01      0.00      0.17      0.01      0.00      0.00      0.00      0.00      0.00      0.00      0.00      0.57      0.14 
.80     0.00      0.00      0.00      0.26      0.11      0.08      0.00      0.04      0.06      0.03      0.03      0.00      0.01      0.00      0.00      0.00      0.62      0.01 
1.00     0.00      0.00      0.00      0.45      0.12      0.06      0.04      0.05      0.18      0.03      0.00      0.03      0.18      0.00      0.00      0.00      1.14      0.01 
1.20     0.00      0.00      0.00      0.49      0.25      0.21      0.08      0.20      0.12      0.32      0.15      0.02      0.00      0.00      0.00      0.00      1.84      0.07 
1.40     0.00      0.00      0.00      0.47      0.28      0.16      0.36      0.59      0.57      1.36      0.76      0.10      0.54      0.33      0.00      0.00      5.52      0.17 
1.60     0.00      0.00      0.00      0.68      0.33      0.40      0.25      0.36      0.36      0.50      1.59      1.10      0.37      0.43      0.04      0.00      6.41      0.83 
1.80     0.00      0.00      0.00      0.86      0.43      0.56      0.95      0.44      0.92      1.22      0.96      1.63      0.86      0.36      0.16      0.00      9.35      0.85 
2.00     0.00      0.00      0.03      0.75      0.54      0.56      1.03      1.49      2.29      5.08      5.38      4.81      5.13      2.37      0.61      0.00     30.07      3.57 
2.20     0.00      0.00      0.00      0.86      0.69      0.77      1.93      3.01      5.07      6.91     10.33      8.10      6.49      3.11      0.98      0.00     48.25      7.59 
2.40     0.00      0.00      0.01      1.06      0.80      1.35      3.47      7.88     11.17     16.61     18.33     16.66     12.08      5.14      1.88      0.03     96.47     16.36 
2.60     0.00      0.00      0.02      1.37      1.60      3.47      9.46     19.52     31.67     40.51     39.47     31.32     18.48      7.12      1.24      0.01    205.26     48.75 
2.80     0.00      0.00      0.00      1.36      2.38      7.57     19.69     36.60     52.03     51.99     43.74     28.96     15.01      4.56      0.84      0.01    264.74     80.64 
3.00     0.00      0.00      0.00      1.82      6.58     22.37     45.44     63.42     66.88     52.21     36.38     19.58      8.08      2.07      0.28      0.00    325.11    134.13 
3.20     0.00      0.00      0.01      2.64     15.01     37.53     59.54     63.99     54.25     34.86     21.03      8.30      2.76      0.57      0.12      0.00    300.61    146.32 
3.40     0.00      0.00      0.43      9.07     33.26     51.24     46.36     34.32     22.09     12.21      6.24      2.57      0.64      0.24      0.03      0.00    218.70    142.34 
3.60     0.00      0.10      3.22     18.12     34.23     31.77     22.75     12.72      6.79      3.51      1.11      0.27      0.10      0.01      0.01      0.00    134.71    103.09 
3.80     0.01      1.39      8.26     17.37     17.20      8.63      3.38      1.77      0.43      0.21      0.06      0.02      0.00      0.00      0.00      0.00     58.73     44.73 
4.00     0.03      3.37      8.19      9.21      5.26      1.58      0.86      0.30      0.06      0.02      0.01      0.00      0.00      0.00      0.00      0.00     28.89     16.83 
4.20     0.16      3.41      3.04      1.80      0.56      0.11      0.01      0.00      0.00      0.02      0.00      0.00      0.00      0.00      0.00      0.00      9.11      2.37 
4.40     0.28      0.50      0.84      0.18      0.04      0.00      0.00      0.00      0.00      0.00      0.00      0.00      0.00      0.00      0.00      0.00      1.84      0.52 
4.60     0.11      0.52      0.00      0.00      0.00      0.00      0.00      0.00      0.00      0.00      0.00      0.00      0.00      0.00      0.00      0.00      0.63      0.00 
4.80     0.03      0.00      0.00      0.00      0.00      0.00      0.00      0.00      0.00      0.00      0.00      0.00      0.00      0.00      0.00      0.00      0.03      0.00 
5.00     0.00      0.00      0.00      0.00      0.00      0.00      0.00      0.00      0.00      0.00      0.00      0.00      0.00      0.00      0.00      0.00      0.00      0.00 
5.20     0.05      0.00      0.00      0.00      0.00      0.00      0.00      0.00      0.00      0.00      0.00      0.00      0.00      0.00      0.00      0.00      0.05      0.00 
5.40     0.00      0.00      0.00      0.00      0.00      0.00      0.00      0.00      0.00      0.00      0.00      0.00      0.00      0.00      0.00      0.00      0.00      0.00 
5.60     0.00      0.00      0.00      0.00      0.00      0.00      0.00      0.00      0.00      0.00      0.00      0.00      0.00      0.00      0.00      0.00      0.00      0.00 
5.80     0.00      0.00      0.00      0.00      0.00      0.00      0.00      0.00      0.00      0.00      0.00      0.00      0.00      0.00      0.00      0.00      0.00      0.00 
6.00     0.00      0.00      0.00      0.00      0.00      0.00      0.00      0.00      0.00      0.00      0.00      0.00      0.00      0.00      0.00      0.00      0.00      0.00 
6.20     0.00      0.00      0.00      0.00      0.00      0.00      0.00      0.00      0.00      0.00      0.00      0.00      0.00      0.00      0.00      0.00      0.00      0.00 
6.40     0.00      0.00      0.00      0.00      0.00      0.00      0.00      0.00      0.00      0.00      0.00      0.00      0.00      0.00      0.00      0.00      0.00      0.00 
6.60     0.00      0.00      0.00      0.00      0.00      0.00      0.00      0.00      0.00      0.00      0.00      0.00      0.00      0.00      0.00      0.00      0.00      0.00 
6.80     0.00      0.00      0.00      0.00      0.00      0.00      0.00      0.00      0.00      0.00      0.00      0.00      0.00      0.00      0.00      0.00      0.00      0.00 
7.00     0.00      0.00      0.00      0.00      0.00      0.00      0.00      0.00      0.00      0.00      0.00      0.00      0.00      0.00      0.00      0.00      0.00      0.00 
7.20     0.00      0.00      0.00      0.00      0.00      0.00      0.00      0.00      0.00      0.00      0.00      0.00      0.00      0.00      0.00      0.00      0.00      0.00 
7.40     0.00      0.00      0.00      0.00      0.00      0.00      0.00      0.00      0.00      0.00      0.00      0.00      0.00      0.00      0.00      0.00      0.00      0.00 
7.60     0.00      0.00      0.00      0.00      0.00      0.00      0.00      0.00      0.00      0.00      0.00      0.00      0.00      0.00      0.00      0.00      0.00      0.00 
7.80     0.00      0.00      0.00      0.00      0.00      0.00      0.00      0.00      0.00      0.00      0.00      0.00      0.00      0.00      0.00      0.00      0.00      0.00 
8.00     0.00      0.00      0.00      0.00      0.00      0.00      0.00      0.00      0.00      0.00      0.00      0.00      0.00      0.00      0.00      0.00      0.00      0.00 
