.20     0.00      0.00      0.00      0.04      0.00      0.01      0.00      0.00      0.00      0.00      0.00      0.01      0.00      0.00      0.00      0.00      0.06 
.40     0.00      0.00      0.00      0.15      0.02      0.01      0.00      0.00      0.01      0.00      0.02      0.01      0.01      0.00      0.00      0.00      0.23 
.60     0.00      0.00      0.00      0.32      0.06      0.01      0.00      0.32      0.32      0.00      0.00      0.00      0.00      0.00      0.00      0.00      1.03 
.80     0.00      0.00      0.00      0.26      0.11      0.09      0.00      0.04      0.33      0.03      0.03      0.00      0.01      0.00      0.00      0.00      0.90 
1.00     0.00      0.00      0.00      0.45      0.12      0.07      0.04      0.20      0.19      0.13      0.44      1.66      0.18      0.00      0.00      0.00      3.48 
1.20     0.00      0.00      0.00      0.50      0.31      0.32      0.18      0.43      0.35      0.61      0.16      1.15      0.01      0.08      0.00      0.00      4.10 
1.40     0.00      0.00      0.00      0.48      0.33      0.27      0.47      0.95      1.06      2.19      2.61      0.66      1.13      0.77      0.28      0.00     11.20 
1.60     0.00      0.00      0.00      0.68      0.43      0.48      0.44      0.69      1.04      1.63      3.08      3.43      1.68      1.05      0.25      0.00     14.88 
1.80     0.00      0.00      0.00      0.88      0.49      0.76      1.55      1.61      1.65      3.56      3.33      3.34      1.80      1.79      1.31      0.00     22.07 
2.00     0.00      0.00      0.03      0.77      0.65      0.68      1.32      2.65      3.92      9.90      9.15     10.69     11.72      7.03      4.91      0.00     63.42 
2.20     0.00      0.00      0.00      0.87      0.80      0.94      2.37      4.75      8.23     12.96     19.42     18.28     17.81     10.27      3.66      0.00    100.36 
2.40     0.00      0.00      0.01      1.09      0.94      1.63      4.81     11.63     20.39     28.42     34.61     36.08     29.89     19.16      6.47      0.03    195.16 
2.60     0.00      0.00      0.02      1.40      1.96      4.64     16.07     36.89     59.35     78.87     81.89     70.93     50.67     25.05      6.43      0.01    434.18 
2.80     0.00      0.00      0.00      1.39      3.12     11.82     37.05     75.49    109.00    117.62    100.93     74.96     43.95     21.03      4.03      0.01    600.40 
3.00     0.00      0.00      0.00      1.94     11.13     51.63    112.61    160.76    173.34    138.73     97.39     56.34     26.47      9.20      1.26      0.00    840.80 
3.20     0.00      0.00      0.01      3.32     33.51    103.47    169.84    185.11    155.86    103.52     59.77     25.96      9.87      3.17      0.56      0.00    853.97 
3.40     0.00      0.00      0.47     17.10    104.20    178.31    166.51    114.22     72.83     38.58     19.06      8.50      3.23      1.17      0.16      0.00    724.34 
3.60     0.00      0.10      6.30     57.93    129.92    121.94     85.61     47.00     22.32     11.66      4.03      1.22      0.33      0.06      0.01      0.00    488.43 
3.80     0.01      1.39     19.08     55.83     64.61     32.70     13.11      5.81      1.76      0.72      0.23      0.03      0.01      0.00      0.00      0.00    195.29 
4.00     0.03      3.37     16.65     24.49     15.52      5.17      2.95      0.80      0.19      0.08      0.06      0.00      0.00      0.00      0.00      0.00     69.31 
4.20     0.16      3.41      5.36      3.58      1.13      0.17      0.06      0.02      0.00      0.02      0.00      0.00      0.00      0.00      0.00      0.00     13.91 
4.40     0.28      0.50      1.27      0.44      0.10      0.02      0.00      0.00      0.00      0.00      0.00      0.00      0.00      0.00      0.00      0.00      2.61 
4.60     0.11      0.52      0.00      0.00      0.00      0.00      0.00      0.00      0.00      0.00      0.00      0.00      0.00      0.00      0.00      0.00      0.63 
4.80     0.03      0.00      0.00      0.00      0.00      0.00      0.00      0.00      0.00      0.00      0.00      0.00      0.00      0.00      0.00      0.00      0.03 
5.00     0.00      0.00      0.00      0.00      0.00      0.00      0.00      0.00      0.00      0.00      0.00      0.00      0.00      0.00      0.00      0.00      0.00 
5.20     0.05      0.00      0.00      0.00      0.00      0.00      0.00      0.00      0.00      0.00      0.00      0.00      0.00      0.00      0.00      0.00      0.05 
5.40     0.00      0.00      0.00      0.00      0.00      0.00      0.00      0.00      0.00      0.00      0.00      0.00      0.00      0.00      0.00      0.00      0.00 
5.60     0.00      0.00      0.00      0.00      0.00      0.00      0.00      0.00      0.00      0.00      0.00      0.00      0.00      0.00      0.00      0.00      0.00 
5.80     0.00      0.00      0.00      0.00      0.00      0.00      0.00      0.00      0.00      0.00      0.00      0.00      0.00      0.00      0.00      0.00      0.00 
6.00     0.00      0.00      0.00      0.00      0.00      0.00      0.00      0.00      0.00      0.00      0.00      0.00      0.00      0.00      0.00      0.00      0.00 
6.20     0.00      0.00      0.00      0.00      0.00      0.00      0.00      0.00      0.00      0.00      0.00      0.00      0.00      0.00      0.00      0.00      0.00 
6.40     0.00      0.00      0.00      0.00      0.00      0.00      0.00      0.00      0.00      0.00      0.00      0.00      0.00      0.00      0.00      0.00      0.00 
6.60     0.00      0.00      0.00      0.00      0.00      0.00      0.00      0.00      0.00      0.00      0.00      0.00      0.00      0.00      0.00      0.00      0.00 
6.80     0.00      0.00      0.00      0.00      0.00      0.00      0.00      0.00      0.00      0.00      0.00      0.00      0.00      0.00      0.00      0.00      0.00 
7.00     0.00      0.00      0.00      0.00      0.00      0.00      0.00      0.00      0.00      0.00      0.00      0.00      0.00      0.00      0.00      0.00      0.00 
7.20     0.00      0.00      0.00      0.00      0.00      0.00      0.00      0.00      0.00      0.00      0.00      0.00      0.00      0.00      0.00      0.00      0.00 
7.40     0.00      0.00      0.00      0.00      0.00      0.00      0.00      0.00      0.00      0.00      0.00      0.00      0.00      0.00      0.00      0.00      0.00 
7.60     0.00      0.00      0.00      0.00      0.00      0.00      0.00      0.00      0.00      0.00      0.00      0.00      0.00      0.00      0.00      0.00      0.00 
7.80     0.00      0.00      0.00      0.00      0.00      0.00      0.00      0.00      0.00      0.00      0.00      0.00      0.00      0.00      0.00      0.00      0.00 
8.00     0.00      0.00      0.00      0.00      0.00      0.00      0.00      0.00      0.00      0.00      0.00      0.00      0.00      0.00      0.00      0.00      0.00 
