.20     0.00      0.00      0.00      0.25      0.02      0.07      0.09      0.00      0.01      0.00      0.00      0.44      0.00 
.40     0.00      0.00      0.00      0.84      0.13      0.13      0.15      0.03      0.01      0.00      0.00      1.29      0.02 
.60     0.00      0.00      0.00      1.10      0.53      0.36      0.14      0.09      0.00      0.00      0.00      2.22      0.12 
.80     0.00      0.00      0.02      1.70      0.76      0.56      0.44      0.22      0.07      0.00      0.00      3.77      0.52 
1.00     0.00      0.00      0.02      2.28      1.43      1.11      0.81      0.19      0.14      0.04      0.01      6.03      0.99 
1.20     0.00      0.00      0.01      2.65      2.13      1.43      0.93      0.48      0.16      0.01      0.00      7.80      1.87 
1.40     0.00      0.00      0.04      3.61      3.02      2.45      1.45      0.68      0.17      0.01      0.00     11.43      2.41 
1.60     0.00      0.00      0.19      4.38      3.87      3.41      1.68      0.64      0.20      0.00      0.00     14.37      3.93 
1.80     0.00      0.00      0.20      6.16      5.90      3.41      1.97      0.64      0.19      0.01      0.00     18.48      7.01 
2.00     0.00      0.00      0.41      7.86      7.38      3.90      1.36      0.20      0.05      0.00      0.00     21.16     10.15 
2.20     0.00      0.00      0.93      8.81      7.95      3.30      1.31      0.29      0.04      0.00      0.00     22.63     11.90 
2.40     0.00      0.01      1.94     10.66      6.77      2.43      0.92      0.25      0.09      0.00      0.00     23.07     12.63 
2.60     0.00      0.02      2.97     11.85      5.62      1.43      0.27      0.13      0.02      0.00      0.00     22.31     13.27 
2.80     0.00      0.21      3.92     11.06      4.43      0.84      0.35      0.07      0.01      0.00      0.00     20.89     12.01 
3.00     0.00      0.47      6.23      9.04      2.38      0.56      0.11      0.06      0.01      0.00      0.00     18.86     11.14 
3.20     0.00      0.60      6.91      7.37      1.36      0.17      0.05      0.03      0.00      0.00      0.00     16.49      9.10 
3.40     0.01      1.69      6.60      4.59      0.60      0.09      0.01      0.01      0.00      0.00      0.00     13.60      6.90 
3.60     0.03      2.19      5.67      2.22      0.25      0.03      0.00      0.00      0.00      0.00      0.00     10.39      4.58 
3.80     0.03      2.77      4.27      1.46      0.09      0.00      0.00      0.00      0.00      0.00      0.00      8.62      2.88 
4.00     0.12      2.33      2.53      0.50      0.09      0.01      0.00      0.00      0.00      0.00      0.00      5.58      1.35 
4.20     0.16      2.00      1.92      0.22      0.02      0.01      0.00      0.00      0.00      0.00      0.00      4.33      0.72 
4.40     0.22      1.78      0.87      0.13      0.00      0.00      0.00      0.00      0.00      0.00      0.00      3.00      0.40 
4.60     0.30      0.92      0.27      0.00      0.00      0.00      0.00      0.00      0.00      0.00      0.00      1.49      0.00 
4.80     0.27      0.47      0.08      0.01      0.00      0.00      0.00      0.00      0.00      0.00      0.00      0.83      0.02 
5.00     0.15      0.28      0.10      0.00      0.00      0.00      0.00      0.00      0.00      0.00      0.00      0.53      0.09 
5.20     0.17      0.32      0.00      0.00      0.00      0.00      0.00      0.00      0.00      0.00      0.00      0.49      0.00 
5.40     0.17      0.05      0.00      0.00      0.00      0.00      0.00      0.00      0.00      0.00      0.00      0.22      0.00 
5.60     0.06      0.19      0.00      0.00      0.00      0.00      0.00      0.00      0.00      0.00      0.00      0.25      0.00 
5.80     0.02      0.03      0.00      0.00      0.00      0.00      0.00      0.00      0.00      0.00      0.00      0.05      0.00 
6.00     0.03      0.00      0.00      0.00      0.00      0.00      0.00      0.00      0.00      0.00      0.00      0.03      0.00 
6.20     0.02      0.00      0.00      0.00      0.00      0.00      0.00      0.00      0.00      0.00      0.00      0.02      0.00 
6.40     0.02      0.00      0.00      0.00      0.00      0.00      0.00      0.00      0.00      0.00      0.00      0.02      0.00 
6.60     0.01      0.00      0.00      0.00      0.00      0.00      0.00      0.00      0.00      0.00      0.00      0.01      0.00 
6.80     0.00      0.00      0.00      0.00      0.00      0.00      0.00      0.00      0.00      0.00      0.00      0.00      0.00 
7.00     0.00      0.00      0.00      0.00      0.00      0.00      0.00      0.00      0.00      0.00      0.00      0.00      0.00 
7.20     0.00      0.00      0.00      0.00      0.00      0.00      0.00      0.00      0.00      0.00      0.00      0.00      0.00 
7.40     0.01      0.00      0.00      0.00      0.00      0.00      0.00      0.00      0.00      0.00      0.00      0.01      0.00 
7.60     0.00      0.00      0.00      0.00      0.00      0.00      0.00      0.00      0.00      0.00      0.00      0.00      0.00 
7.80     0.00      0.00      0.00      0.00      0.00      0.00      0.00      0.00      0.00      0.00      0.00      0.00      0.00 
8.00     0.00      0.00      0.00      0.00      0.00      0.00      0.00      0.00      0.00      0.00      0.00      0.00      0.00 
