.20     0.00      0.00      0.00      0.25      2.66     10.99     27.06     47.95     60.56     49.38     12.85    211.70 
.40     0.00      0.00      0.00      0.84      9.02     38.19     95.79    165.62    200.20    154.78     40.55    704.99 
.60     0.00      0.00      0.00      1.13     12.64     54.28    138.32    240.01    288.88    217.70     54.08   1007.04 
.80     0.00      0.00      0.02      2.06     22.39     96.19    240.14    401.58    460.78    325.83     75.40   1624.39 
1.00     0.00      0.00      0.02      2.72     30.17    131.00    327.57    541.27    604.32    413.57     92.36   2143.00 
1.20     0.00      0.00      0.01      3.39     38.01    162.88    389.87    607.26    640.92    413.79     85.92   2342.05 
1.40     0.00      0.00      0.04      4.91     53.44    222.90    521.14    787.14    792.79    484.32     96.83   2963.51 
1.60     0.00      0.00      0.19      8.07     76.05    294.04    641.71    904.10    844.47    480.95     89.00   3338.58 
1.80     0.00      0.00      0.21     11.77    113.62    427.93    888.19   1171.73   1020.93    538.10     92.36   4264.84 
2.00     0.00      0.00      0.45     19.03    164.07    553.21   1035.48   1242.73    989.41    478.79     76.12   4559.29 
2.20     0.00      0.00      1.07     29.39    218.58    669.83   1140.29   1243.90    908.72    409.25     61.03   4682.06 
2.40     0.00      0.01      2.70     54.69    330.83    854.43   1272.27   1251.96    845.61    358.98     50.33   5021.81 
2.60     0.00      0.02      4.45     79.61    419.06    961.08   1296.39   1165.51    720.69    283.33     37.62   4967.76 
2.80     0.00      0.21      9.49    112.88    491.51    988.60   1203.17   1002.22    587.07    219.66     28.00   4642.81 
3.00     0.00      0.47     18.58    170.82    604.36   1042.02   1132.28    863.18    469.52    164.28     19.67   4485.18 
3.20     0.00      0.60     21.34    175.39    563.16    894.04    902.32    643.34    330.15    110.96     13.12   3654.42 
3.40     0.01      1.89     36.17    221.02    595.23    833.66    765.21    509.47    249.18     80.66      9.36   3301.86 
3.60     0.03      2.70     41.16    216.98    530.75    702.94    627.11    410.14    199.85     65.12      7.67   2804.45 
3.80     0.03      3.35     43.28    199.01    441.19    543.74    458.15    286.27    133.45     41.94      4.68   2155.09 
4.00     0.12      4.16     39.55    155.15    310.61    355.52    281.73    168.18     75.99     23.60      2.64   1417.25 
4.20     0.16      4.51     39.04    140.61    263.16    287.18    225.10    136.29     62.69     19.36      2.06   1180.16 
4.40     0.22      4.81     35.42    116.52    205.14    215.70    163.48     96.45     44.34     14.11      1.47    897.66 
4.60     0.30      4.64     28.37     83.24    134.75    131.99     94.01     52.04     22.30      6.92      0.76    559.32 
4.80     0.27      3.69     20.76     58.25     92.89     91.18     65.11     35.66     15.19      4.41      0.48    387.89 
5.00     0.15      1.99     11.38     32.46     51.97     49.88     33.93     17.82      7.05      1.89      0.17    208.69 
5.20     0.17      2.26     12.36     33.94     53.20     50.62     34.33     17.50      6.70      1.78      0.18    213.04 
5.40     0.17      1.86      9.05     22.78     33.64     31.42     21.98     11.98      5.04      1.41      0.13    139.46 
5.60     0.06      0.91      5.19     14.83     23.92     23.14     16.55      9.21      3.92      1.09      0.11     98.93 
5.80     0.02      0.25      1.31      3.46      5.20      4.66      2.85      1.23      0.31      0.03      0.00     19.32 
6.00     0.03      0.34      1.73      4.73      7.45      6.92      4.44      2.09      0.72      0.15      0.01     28.61 
6.20     0.02      0.20      0.90      2.22      3.27      3.06      2.16      1.16      0.46      0.12      0.01     13.58 
6.40     0.02      0.23      1.14      2.99      4.58      4.40      3.08      1.62      0.62      0.16      0.02     18.86 
6.60     0.01      0.10      0.45      1.10      1.59      1.44      0.97      0.52      0.23      0.07      0.01      6.49 
6.80     0.00      0.00      0.00      0.00      0.00      0.00      0.00      0.00      0.00      0.00      0.00      0.00 
7.00     0.00      0.00      0.00      0.00      0.00      0.00      0.00      0.00      0.00      0.00      0.00      0.00 
7.20     0.00      0.00      0.00      0.00      0.00      0.00      0.00      0.00      0.00      0.00      0.00      0.00 
7.40     0.01      0.10      0.45      1.13      1.69      1.53      0.96      0.49      0.22      0.08      0.01      6.67 
7.60     0.00      0.00      0.00      0.00      0.00      0.00      0.00      0.00      0.00      0.00      0.00      0.00 
7.80     0.00      0.00      0.00      0.00      0.00      0.00      0.00      0.00      0.00      0.00      0.00      0.00 
8.00     0.00      0.00      0.00      0.00      0.00      0.00      0.00      0.00      0.00      0.00      0.00      0.00 
