.20     0.00      0.00      0.00      0.25      0.03      0.07      0.17      0.12      0.01      0.00      0.00      0.65 
.40     0.00      0.00      0.00      0.84      0.21      0.20      0.28      0.19      0.40      0.00      0.00      2.12 
.60     0.00      0.00      0.00      1.13      0.71      0.55      0.27      0.60      0.45      0.58      0.00      4.29 
.80     0.00      0.00      0.02      1.80      1.45      1.20      1.20      0.71      0.28      0.08      0.00      6.74 
1.00     0.00      0.00      0.02      2.45      2.58      2.48      2.12      1.53      1.09      0.68      0.01     12.96 
1.20     0.00      0.00      0.01      3.23      4.09      3.37      2.64      2.54      1.14      0.09      0.00     17.11 
1.40     0.00      0.00      0.04      4.27      6.45      6.46      4.64      2.77      1.52      0.27      0.00     26.42 
1.60     0.00      0.00      0.19      5.44      8.24      9.06      5.07      2.87      1.11      0.35      0.00     32.33 
1.80     0.00      0.00      0.21      8.82     15.60     10.76      6.41      3.16      1.05      0.15      0.00     46.16 
2.00     0.00      0.00      0.45     13.09     21.20     13.55      6.09      2.00      0.52      0.10      0.00     57.00 
2.20     0.00      0.00      1.07     15.82     24.06     11.74      5.20      1.36      0.53      0.06      0.00     59.84 
2.40     0.00      0.01      2.52     22.47     22.50      8.06      3.23      0.97      0.32      0.03      0.00     60.11 
2.60     0.00      0.02      4.15     30.02     19.59      5.57      1.45      0.57      0.13      0.01      0.00     61.51 
2.80     0.00      0.21      6.07     27.62     14.87      3.22      1.24      0.21      0.05      0.00      0.00     53.49 
3.00     0.00      0.47     11.00     25.07      7.84      1.43      0.42      0.14      0.02      0.00      0.00     46.39 
3.20     0.00      0.60     12.30     19.32      4.70      0.45      0.14      0.04      0.00      0.00      0.00     37.55 
3.40     0.01      1.69     11.82     12.04      1.92      0.23      0.05      0.01      0.01      0.00      0.00     27.78 
3.60     0.03      2.19     10.47      5.66      0.68      0.10      0.00      0.00      0.00      0.00      0.00     19.13 
3.80     0.03      2.77      7.32      3.18      0.28      0.00      0.00      0.00      0.00      0.00      0.00     13.58 
4.00     0.12      2.33      4.03      0.92      0.13      0.02      0.01      0.00      0.00      0.00      0.00      7.56 
4.20     0.16      2.00      2.89      0.25      0.03      0.01      0.00      0.00      0.00      0.00      0.00      5.34 
4.40     0.22      1.78      1.47      0.23      0.00      0.00      0.00      0.00      0.00      0.00      0.00      3.70 
4.60     0.30      0.92      0.27      0.00      0.00      0.00      0.00      0.00      0.00      0.00      0.00      1.49 
4.80     0.27      0.47      0.10      0.01      0.00      0.00      0.00      0.00      0.00      0.00      0.00      0.85 
5.00     0.15      0.28      0.33      0.00      0.00      0.00      0.00      0.00      0.00      0.00      0.00      0.76 
5.20     0.17      0.32      0.00      0.00      0.00      0.00      0.00      0.00      0.00      0.00      0.00      0.49 
5.40     0.17      0.05      0.00      0.00      0.00      0.00      0.00      0.00      0.00      0.00      0.00      0.22 
5.60     0.06      0.19      0.00      0.00      0.00      0.00      0.00      0.00      0.00      0.00      0.00      0.25 
5.80     0.02      0.03      0.00      0.00      0.00      0.00      0.00      0.00      0.00      0.00      0.00      0.05 
6.00     0.03      0.00      0.00      0.00      0.00      0.00      0.00      0.00      0.00      0.00      0.00      0.03 
6.20     0.02      0.00      0.00      0.00      0.00      0.00      0.00      0.00      0.00      0.00      0.00      0.02 
6.40     0.02      0.00      0.00      0.00      0.00      0.00      0.00      0.00      0.00      0.00      0.00      0.02 
6.60     0.01      0.00      0.00      0.00      0.00      0.00      0.00      0.00      0.00      0.00      0.00      0.01 
6.80     0.00      0.00      0.00      0.00      0.00      0.00      0.00      0.00      0.00      0.00      0.00      0.00 
7.00     0.00      0.00      0.00      0.00      0.00      0.00      0.00      0.00      0.00      0.00      0.00      0.00 
7.20     0.00      0.00      0.00      0.00      0.00      0.00      0.00      0.00      0.00      0.00      0.00      0.00 
7.40     0.01      0.00      0.00      0.00      0.00      0.00      0.00      0.00      0.00      0.00      0.00      0.01 
7.60     0.00      0.00      0.00      0.00      0.00      0.00      0.00      0.00      0.00      0.00      0.00      0.00 
7.80     0.00      0.00      0.00      0.00      0.00      0.00      0.00      0.00      0.00      0.00      0.00      0.00 
8.00     0.00      0.00      0.00      0.00      0.00      0.00      0.00      0.00      0.00      0.00      0.00      0.00 
