.20     0.00      0.00      0.00      0.03      0.00      0.00      0.00      0.00      0.00      0.00      0.00      0.00      0.00      0.00      0.00      0.00      0.03 
.40     0.00      0.00      0.00      0.05      0.00      0.00      0.00      0.00      0.00      0.00      0.00      0.00      0.00      0.00      0.00      0.00      0.05 
.60     0.00      0.00      0.00      0.03      0.00      0.00      0.00      0.00      0.01      0.01      0.01      0.00      0.00      0.00      0.00      0.00      0.06 
.80     0.00      0.00      0.00      0.08      0.00      0.00      0.00      0.00      0.00      0.00      0.00      0.00      0.00      0.00      0.00      0.00      0.08 
1.00     0.00      0.00      0.00      0.15      0.00      0.00      0.01      0.02      0.01      0.00      0.00      0.00      0.00      0.00      0.00      0.00      0.19 
1.20     0.00      0.00      0.00      0.09      0.03      0.00      0.00      0.00      0.00      0.00      0.00      0.00      0.00      0.00      0.00      0.00      0.12 
1.40     0.00      0.00      0.00      0.18      0.02      0.00      0.01      0.00      0.03      0.01      0.00      0.01      0.00      0.01      0.00      0.00      0.27 
1.60     0.00      0.00      0.00      0.21      0.00      0.01      0.01      0.00      0.00      0.01      0.01      0.00      0.00      0.00      0.00      0.00      0.25 
1.80     0.00      0.00      0.00      0.21      0.02      0.01      0.01      0.02      0.01      0.01      0.01      0.02      0.00      0.00      0.00      0.00      0.32 
2.00     0.00      0.00      0.00      0.18      0.04      0.02      0.03      0.00      0.00      0.01      0.02      0.00      0.01      0.00      0.01      0.00      0.32 
2.20     0.00      0.00      0.00      0.32      0.02      0.00      0.04      0.04      0.06      0.02      0.03      0.03      0.01      0.02      0.00      0.00      0.59 
2.40     0.00      0.00      0.00      0.25      0.04      0.02      0.04      0.07      0.06      0.02      0.04      0.02      0.01      0.00      0.00      0.00      0.57 
2.60     0.00      0.00      0.00      0.22      0.04      0.08      0.02      0.09      0.10      0.10      0.11      0.08      0.06      0.10      0.12      0.00      1.12 
2.80     0.00      0.00      0.00      0.31      0.09      0.06      0.16      0.09      0.09      0.09      0.16      0.34      0.51      0.61      0.19      0.00      2.70 
3.00     0.00      0.00      0.00      0.39      0.06      0.10      0.10      0.12      0.14      0.35      0.69      1.26      1.11      1.06      0.29      0.00      5.67 
3.20     0.00      0.00      0.00      0.35      0.10      0.07      0.15      0.40      0.94      1.31      2.36      2.50      1.98      1.12      0.49      0.00     11.77 
3.40     0.00      0.00      0.00      0.33      0.09      0.09      0.22      0.24      0.99      1.01      1.85      1.95      1.90      1.24      0.31      0.00     10.22 
3.60     0.00      0.00      0.00      0.49      0.12      0.14      0.47      0.84      1.73      4.20      4.71      4.74      4.07      1.51      0.41      0.00     23.43 
3.80     0.00      0.00      0.00      0.39      0.13      0.23      0.28      1.17      2.69      4.30      3.60      4.26      3.56      2.03      0.49      0.00     23.13 
4.00     0.00      0.00      0.00      0.41      0.11      0.19      0.82      1.18      2.02      3.19      5.93      5.89      4.36      1.91      0.58      0.00     26.59 
4.20     0.00      0.00      0.00      0.52      0.18      0.24      0.99      3.84      7.45      8.86      9.39      8.44      4.52      2.30      0.58      0.00     47.31 
4.40     0.00      0.00      0.00      0.50      0.22      0.31      1.45      3.82      8.96     12.32     10.29      6.96      3.94      1.99      0.38      0.00     51.14 
4.60     0.00      0.00      0.00      0.49      0.25      0.58      1.32      5.47     10.99     13.69     12.25      9.40      4.25      1.10      0.35      0.00     60.14 
4.80     0.00      0.00      0.00      0.73      0.26      1.51      2.84      5.69     12.21     13.26     12.53      9.69      3.58      1.09      0.17      0.00     63.56 
5.00     0.00      0.00      0.00      0.51      0.60      1.41      3.43     11.72     16.78     16.35     13.44      9.68      4.67      1.06      0.04      0.00     79.69 
5.20     0.00      0.00      0.00      0.68      0.54      3.03      6.97     15.01     24.77     21.75     16.60      8.97      2.82      0.71      0.10      0.00    101.95 
5.40     0.00      0.00      0.00      0.58      0.55      2.68      7.51     17.05     21.03     21.67     15.90      8.93      2.40      0.41      0.15      0.00     98.86 
5.60     0.00      0.00      0.00      0.90      1.10      2.80      7.84     19.94     22.77     18.54     12.35      5.84      1.76      0.18      0.02      0.00     94.04 
5.80     0.00      0.00      0.00      0.87      0.82      4.44     15.81     27.21     30.65     25.75     16.35      6.17      1.94      0.25      0.02      0.00    130.28 
6.00     0.00      0.00      0.00      0.90      0.76      5.69     15.63     34.58     33.30     25.84     13.02      4.98      0.95      0.27      0.03      0.00    135.95 
6.20     0.00      0.00      0.00      0.97      2.03      7.23     19.94     32.11     33.34     24.50     13.13      5.09      1.26      0.32      0.02      0.00    139.94 
6.40     0.00      0.00      0.00      0.95      2.45      8.43     20.50     36.37     38.17     25.03     11.61      3.86      0.62      0.03      0.01      0.00    148.03 
6.60     0.00      0.00      0.00      0.87      1.87     10.62     23.88     41.92     36.40     22.08      9.58      3.20      0.86      0.17      0.00      0.00    151.45 
6.80     0.00      0.00      0.00      0.96      2.68     13.79     32.20     43.40     35.28     21.30      8.51      3.03      0.42      0.09      0.00      0.00    161.66 
7.00     0.00      0.00      0.00      0.96      3.33     17.75     29.57     40.11     33.93     18.88      8.32      1.87      0.28      0.03      0.00      0.00    155.03 
7.20     0.00      0.00      0.00      1.06      2.94     19.89     40.97     52.19     36.83     19.65      5.74      0.96      0.13      0.02      0.00      0.00    180.38 
7.40     0.00      0.00      0.00      1.16      4.75     18.24     38.34     42.93     35.31     16.24      5.80      1.23      0.20      0.01      0.00      0.00    164.21 
7.60     0.00      0.00      0.00      1.56      6.60     23.86     45.31     49.74     32.34     14.10      4.05      1.06      0.10      0.00      0.00      0.00    178.72 
7.80     0.00      0.00      0.00      1.24      7.40     30.23     47.71     51.05     34.36     11.81      3.48      0.81      0.07      0.00      0.00      0.00    188.16 
8.00     0.00      0.00      0.00      1.29     10.55     34.41     53.76     48.74     33.29     13.89      3.35      0.56      0.03      0.00      0.00      0.00    199.87 
