.20     0.00      0.00      0.00      0.03      0.45      2.05      6.03     13.33     24.49     42.04     64.53     82.56     90.04     83.29     56.48      8.79    474.11 
.40     0.00      0.00      0.00      0.05      0.76      3.38     11.43     31.72     68.58    119.87    170.69    200.11    193.54    149.41     79.05     10.54   1039.13 
.60     0.00      0.00      0.00      0.03      0.45      2.31      8.57     23.61     51.89     88.26    123.94    149.32    154.15    126.60     67.11      9.71    805.95 
.80     0.00      0.00      0.00      0.08      1.27      6.66     22.05     53.26    100.84    163.05    230.89    277.00    286.04    240.51    135.05     19.03   1535.73 
1.00     0.00      0.00      0.00      0.15      2.56     14.29     46.75    109.09    201.98    318.19    437.68    525.52    539.43    443.78    238.99     33.56   2911.97 
1.20     0.00      0.00      0.00      0.09      1.60     10.54     37.39     90.55    161.07    235.22    302.44    346.45    351.25    293.22    172.25     23.49   2025.56 
1.40     0.00      0.00      0.00      0.18      2.93     15.69     53.07    138.31    287.35    480.78    670.59    802.73    819.36    682.11    381.89     52.99   4387.98 
1.60     0.00      0.00      0.00      0.21      3.50     20.36     70.95    175.58    328.60    516.68    716.40    873.73    901.56    743.00    398.94     55.19   4804.70 
1.80     0.00      0.00      0.00      0.21      3.63     20.25     63.72    149.41    277.84    443.72    621.32    757.30    779.18    639.99    350.52     49.22   4156.31 
2.00     0.00      0.00      0.00      0.18      2.94     15.81     55.94    144.01    296.79    513.91    753.64    926.82    939.78    739.02    405.29     57.73   4851.86 
2.20     0.00      0.00      0.00      0.32      5.61     32.94    103.09    239.42    458.36    750.58   1062.68   1311.92   1376.52   1159.05    643.94     90.81   7235.24 
2.40     0.00      0.00      0.00      0.25      4.11     23.33     87.62    210.24    399.53    638.04    882.47   1056.43   1083.33    900.13    508.35     71.74   5865.57 
2.60     0.00      0.00      0.00      0.22      3.75     21.01     69.11    164.71    312.92    512.98    733.73    912.53    965.76    830.29    475.37     67.52   5069.90 
2.80     0.00      0.00      0.00      0.31      5.33     30.97    104.03    249.75    498.17    858.80   1282.85   1630.67   1734.53   1477.82    832.61    119.01   8824.85 
3.00     0.00      0.00      0.00      0.39      6.59     35.88    115.17    276.90    537.60    896.58   1293.20   1608.09   1683.02   1421.21    822.85    116.43   8813.91 
3.20     0.00      0.00      0.00      0.35      5.96     33.23    113.42    267.90    515.83    852.55   1235.42   1577.19   1740.98   1554.77    934.27    132.32   8964.19 
3.40     0.00      0.00      0.00      0.33      5.63     31.94    106.12    258.50    520.78    897.62   1341.85   1742.42   1925.72   1713.51   1028.54    147.04   9720.00 
3.60     0.00      0.00      0.00      0.49      8.37     46.15    146.00    363.67    749.48   1312.65   1981.84   2591.37   2875.64   2534.54   1474.13    199.86  14284.19 
3.80     0.00      0.00      0.00      0.39      6.73     37.85    128.63    322.94    667.45   1163.71   1752.44   2287.39   2550.00   2257.09   1325.42    180.42  12680.46 
4.00     0.00      0.00      0.00      0.41      6.36     33.20    115.04    306.42    658.08   1182.78   1829.85   2461.13   2835.63   2608.57   1577.36    213.67  13828.50 
4.20     0.00      0.00      0.00      0.52      8.65     48.42    165.43    423.13    894.39   1641.94   2614.14   3569.71   4060.59   3589.17   2077.11    272.57  19365.77 
4.40     0.00      0.00      0.00      0.50      8.69     52.09    184.91    473.89   1006.37   1829.81   2890.17   3847.32   4209.03   3542.57   1946.91    246.56  20238.82 
4.60     0.00      0.00      0.00      0.49      8.23     48.24    175.29    458.71   1005.91   1927.91   3152.83   4331.95   4866.81   4209.08   2357.54    298.01  22841.00 
4.80     0.00      0.00      0.00      0.73     11.71     67.86    243.47    641.93   1364.40   2453.12   3762.62   4875.13   5180.77   4221.65   2209.33    263.79  25296.51 
5.00     0.00      0.00      0.00      0.51      9.50     59.61    210.94    568.21   1279.58   2455.10   3939.38   5205.73   5561.47   4549.99   2378.86    288.49  26507.37 
5.20     0.00      0.00      0.00      0.68     11.64     70.40    265.45    737.08   1683.93   3227.61   5154.96   6746.25   7074.75   5619.05   2862.84    339.12  33793.76 
5.40     0.00      0.00      0.00      0.58      9.86     57.84    225.75    683.90   1649.76   3247.12   5217.24   6777.00   6904.08   5252.34   2563.06    297.64  32886.17 
5.60     0.00      0.00      0.00      0.90     15.06     91.22    349.25    969.02   2196.80   4091.46   6281.94   7854.46   7833.29   5861.64   2813.53    323.77  38682.34 
5.80     0.00      0.00      0.00      0.87     15.18     92.28    367.73   1098.91   2581.49   4887.60   7500.17   9234.93   8956.12   6508.82   3024.45    343.79  44612.34 
6.00     0.00      0.00      0.00      0.90     15.53     92.83    357.85   1080.42   2645.82   5127.67   7812.70   9349.45   8757.93   6137.49   2758.73    309.75  44447.07 
6.20     0.00      0.00      0.00      0.97     17.46    111.28    438.46   1298.52   3025.00   5648.11   8388.43   9900.09   9199.21   6436.14   2922.28    327.15  47713.10 
6.40     0.00      0.00      0.00      0.95     18.34    122.62    500.99   1465.05   3315.42   6043.22   8864.36  10372.25   9536.14   6563.13   2915.21    326.90  50044.58 
6.60     0.00      0.00      0.00      0.87     16.47    110.41    465.14   1425.20   3371.99   6204.87   8951.05  10212.13   9120.52   6141.28   2666.53    295.86  48982.32 
6.80     0.00      0.00      0.00      0.96     19.09    132.59    564.49   1778.87   4152.41   7323.39  10075.12  11011.06   9503.09   6211.88   2640.41    291.19  53704.55 
7.00     0.00      0.00      0.00      0.96     19.12    135.83    596.54   1836.01   4190.08   7379.08  10195.34  11130.65   9553.99   6205.85   2626.02    290.55  54160.02 
7.20     0.00      0.00      0.00      1.06     19.20    136.61    635.73   2027.73   4721.80   8315.20  11288.87  11974.52   9948.37   6261.94   2596.59    285.58  58213.20 
7.40     0.00      0.00      0.00      1.16     22.58    165.56    710.45   2125.30   4727.03   7994.37  10471.62  10823.10   8825.60   5478.89   2240.15    249.80  53835.61 
7.60     0.00      0.00      0.00      1.56     30.32    219.54    951.52   2801.32   6036.08   9861.14  12540.45  12662.00  10167.47   6241.81   2513.59    283.22  64310.02 
7.80     0.00      0.00      0.00      1.24     27.67    213.37    937.32   2846.42   6171.12   9952.96  12376.34  12199.71   9633.57   5921.20   2411.10    265.18  62957.20 
8.00     0.00      0.00      0.00      1.29     31.71    258.01   1136.41   3274.03   6792.60  10735.27  13277.50  13021.00  10104.08   6015.11   2374.11    264.49  67285.61 
