.20     0.00      0.00      0.00      0.03      0.00      0.00      0.00      0.00      0.00      0.00      0.00      0.00      0.00      0.00      0.00      0.00      0.03      0.00 
.40     0.00      0.00      0.00      0.05      0.00      0.00      0.00      0.00      0.00      0.00      0.00      0.00      0.00      0.00      0.00      0.00      0.05      0.00 
.60     0.00      0.00      0.00      0.03      0.00      0.00      0.00      0.00      0.07      0.01      0.03      0.00      0.00      0.00      0.00      0.00      0.14      0.00 
.80     0.00      0.00      0.00      0.08      0.00      0.00      0.00      0.00      0.00      0.00      0.00      0.00      0.00      0.00      0.00      0.00      0.08      0.00 
1.00     0.00      0.00      0.00      0.15      0.00      0.00      0.04      0.07      0.08      0.00      0.00      0.00      0.00      0.00      0.00      0.00      0.34      0.07 
1.20     0.00      0.00      0.00      0.09      0.03      0.00      0.00      0.00      0.00      0.00      0.00      0.00      0.00      0.00      0.00      0.00      0.12      0.00 
1.40     0.00      0.00      0.00      0.18      0.02      0.00      0.04      0.00      0.08      0.00      0.00      0.01      0.00      0.00      0.00      0.00      0.33      0.01 
1.60     0.00      0.00      0.00      0.21      0.00      0.02      0.04      0.00      0.00      0.00      0.00      0.00      0.00      0.00      0.00      0.00      0.27      0.00 
1.80     0.00      0.00      0.00      0.21      0.02      0.02      0.04      0.07      0.07      0.16      0.08      0.00      0.00      0.00      0.00      0.00      0.67      0.00 
2.00     0.00      0.00      0.00      0.18      0.04      0.02      0.10      0.00      0.00      0.05      0.11      0.00      0.00      0.00      0.00      0.00      0.50      0.01 
2.20     0.00      0.00      0.00      0.32      0.01      0.00      0.14      0.11      0.21      0.00      0.29      0.11      0.06      0.22      0.00      0.00      1.47      0.00 
2.40     0.00      0.00      0.00      0.25      0.04      0.04      0.07      0.22      0.29      0.25      0.22      0.47      0.00      0.00      0.00      0.00      1.85      0.08 
2.60     0.00      0.00      0.00      0.22      0.04      0.09      0.03      0.33      0.31      0.58      1.01      0.50      0.36      0.06      0.05      0.00      3.58      0.22 
2.80     0.00      0.00      0.00      0.31      0.09      0.11      0.29      0.18      0.26      0.62      0.46      0.61      1.19      0.90      0.04      0.00      5.06      0.69 
3.00     0.00      0.00      0.00      0.39      0.06      0.11      0.19      0.24      0.38      0.63      0.99      1.27      1.84      0.76      0.02      0.00      6.88      1.12 
3.20     0.00      0.00      0.00      0.35      0.10      0.09      0.31      0.64      0.92      2.07      2.68      3.24      2.28      0.75      0.07      0.00     13.50      2.44 
3.40     0.00      0.00      0.00      0.33      0.09      0.11      0.47      0.59      0.85      1.58      2.73      3.50      2.03      0.98      0.15      0.00     13.41      1.97 
3.60     0.00      0.00      0.00      0.49      0.09      0.22      0.64      0.98      1.82      4.21      5.58      6.24      4.21      1.48      0.21      0.00     26.17      6.27 
3.80     0.00      0.00      0.00      0.39      0.10      0.20      0.56      1.57      2.40      4.33      5.35      6.65      6.11      1.95      0.04      0.00     29.65      6.94 
4.00     0.00      0.00      0.00      0.41      0.09      0.25      0.57      1.22      2.24      4.20      7.80      8.56      8.39      2.18      0.26      0.00     36.17      7.18 
4.20     0.00      0.00      0.00      0.51      0.17      0.33      0.84      2.89      4.19      7.53     11.11     13.59      7.35      2.57      0.24      0.00     51.32     13.91 
4.40     0.00      0.00      0.00      0.50      0.21      0.39      1.16      2.66      6.32      9.61     13.11     12.55      8.02      4.09      0.40      0.00     59.02     14.16 
4.60     0.00      0.00      0.00      0.49      0.24      0.65      1.09      3.89      8.20     13.30     16.35     15.30      8.31      2.06      0.54      0.00     70.42     15.59 
4.80     0.00      0.00      0.00      0.71      0.26      0.89      1.66      4.01      7.35     12.75     16.99     14.84      7.75      3.80      0.40      0.00     71.41     19.16 
5.00     0.00      0.00      0.00      0.51      0.46      0.82      2.16      6.84     10.78     16.15     19.07     20.91      9.38      2.71      0.22      0.00     90.01     21.81 
5.20     0.00      0.00      0.00      0.68      0.43      1.34      3.32      8.96     15.54     21.00     24.15     19.23      9.81      2.27      0.28      0.00    107.01     27.11 
5.40     0.00      0.00      0.00      0.58      0.42      1.47      4.36      8.60     15.00     21.89     25.70     21.02      8.77      3.28      0.22      0.00    111.31     27.08 
5.60     0.00      0.00      0.00      0.83      0.58      1.39      4.39      9.96     15.17     20.24     20.25     20.74     10.13      2.61      0.27      0.00    106.56     24.48 
5.80     0.00      0.00      0.00      0.84      0.52      2.16      6.46     13.68     23.35     28.91     29.96     20.72      9.31      2.43      0.11      0.00    138.45     33.30 
6.00     0.00      0.00      0.00      0.88      0.47      2.25      7.38     14.59     26.31     27.85     29.07     20.25     10.71      3.31      0.26      0.00    143.33     36.47 
6.20     0.00      0.00      0.00      0.88      0.99      2.97      8.00     15.22     27.13     29.77     30.03     24.36     11.43      2.39      0.26      0.00    153.43     37.97 
6.40     0.00      0.00      0.00      0.93      1.04      3.30      7.60     17.70     27.71     32.85     32.99     21.64     10.98      2.62      0.66      0.00    160.02     40.57 
6.60     0.00      0.00      0.00      0.86      0.86      4.00      9.00     20.24     28.33     29.82     30.42     19.73      9.33      2.84      0.76      0.00    156.19     39.94 
6.80     0.00      0.00      0.00      0.96      1.21      5.20     10.84     20.18     28.67     31.06     28.63     21.89      9.94      2.50      0.70      0.00    161.78     40.02 
7.00     0.00      0.00      0.00      0.96      1.44      5.35     10.92     22.04     27.87     32.20     29.47     18.64      7.50      2.00      0.48      0.00    158.87     39.98 
7.20     0.00      0.00      0.00      0.96      1.50      5.87     13.86     25.95     34.37     35.33     30.57     17.67      9.37      2.22      0.30      0.00    177.97     43.12 
7.40     0.00      0.00      0.00      1.03      1.79      6.07     13.52     23.55     29.47     32.97     25.65     17.24      8.95      1.76      0.28      0.00    162.28     42.68 
7.60     0.00      0.00      0.00      1.24      2.43      6.70     14.93     26.52     33.35     29.45     27.12     14.88      8.02      1.65      0.40      0.00    166.69     44.66 
7.80     0.00      0.00      0.00      1.09      2.57      8.70     17.27     28.14     33.14     36.17     28.90     17.78      8.83      2.57      0.29      0.00    185.45     44.55 
8.00     0.00      0.00      0.00      1.09      3.15      9.01     17.87     28.83     35.78     36.55     27.64     17.44      7.28      2.23      0.26      0.00    187.13     46.06 
