.09   0.0000    0.6100    4.3700    7.0800    5.1900    2.1500    0.1800    0.0100    0.0000    0.0000    0.0000   19.5900 
.14   0.0000    0.7900    5.6000    4.8700    2.1100    0.4500    0.0500    0.0000    0.0000    0.0000    0.0000   13.8700 
.18   0.0000    1.3000    6.0300    3.8400    1.6300    0.2600    0.0300    0.0000    0.0000    0.0000    0.0000   13.0900 
.23   0.0200    1.5200    4.8200    1.7500    0.4900    0.0600    0.0100    0.0000    0.0000    0.0000    0.0000    8.6700 
.27   0.0500    1.7500    4.7000    1.5900    0.7200    0.1100    0.0000    0.0000    0.0000    0.0000    0.0000    8.9200 
.32   0.0800    1.8700    3.4400    1.0000    0.2200    0.0200    0.0000    0.0000    0.0000    0.0000    0.0000    6.6300 
.36   0.0800    1.7600    3.2500    0.7100    0.2600    0.0400    0.0000    0.0000    0.0000    0.0000    0.0000    6.1000 
.41   0.0900    1.5500    2.4000    0.4800    0.1200    0.0100    0.0000    0.0000    0.0000    0.0000    0.0000    4.6500 
.45   0.1100    1.6200    1.3900    0.2000    0.0400    0.0400    0.0000    0.0000    0.0000    0.0000    0.0000    3.4000 
.50   0.1700    1.5400    1.7600    0.2000    0.0400    0.0000    0.0000    0.0000    0.0000    0.0000    0.0000    3.7100 
.54   0.1500    1.4900    1.7300    0.0700    0.0200    0.0000    0.0000    0.0000    0.0000    0.0000    0.0000    3.4600 
.59   0.1900    1.0700    1.4500    0.0300    0.0500    0.0000    0.0000    0.0000    0.0000    0.0000    0.0000    2.7900 
.63   0.1400    1.3900    1.0500    0.0300    0.0100    0.0000    0.0000    0.0000    0.0000    0.0000    0.0000    2.6200 
.68   0.1600    1.1400    1.0900    0.0200    0.0400    0.0000    0.0000    0.0000    0.0000    0.0000    0.0000    2.4500 
.72   0.2100    1.5200    0.5500    0.0000    0.0000    0.0000    0.0000    0.0000    0.0000    0.0000    0.0000    2.2800 
.77   0.1900    0.9200    0.4100    0.0100    0.0200    0.0000    0.0000    0.0000    0.0000    0.0000    0.0000    1.5500 
.81   0.1900    0.7400    0.3800    0.0000    0.0000    0.0000    0.0000    0.0000    0.0000    0.0000    0.0000    1.3100 
.86   0.2500    0.4700    0.3800    0.0000    0.0000    0.0000    0.0000    0.0000    0.0000    0.0000    0.0000    1.1000 
.90   0.2100    0.6300    0.2800    0.0000    0.0000    0.0000    0.0000    0.0000    0.0000    0.0000    0.0000    1.1200 
.95   0.2600    0.5300    0.2500    0.0000    0.0000    0.0000    0.0000    0.0000    0.0000    0.0000    0.0000    1.0400 
.99   0.2700    0.5500    0.1800    0.0200    0.0000    0.0000    0.0000    0.0000    0.0000    0.0000    0.0000    1.0200 
1.19   0.2200    0.1400    0.0700    0.0000    0.0000    0.0000    0.0000    0.0000    0.0000    0.0000    0.0000    0.4300 
1.39   0.2300    0.4100    0.0400    0.0000    0.0000    0.0000    0.0000    0.0000    0.0000    0.0000    0.0000    0.6800 
1.59   0.2100    0.2000    0.0100    0.0000    0.0000    0.0000    0.0000    0.0000    0.0000    0.0000    0.0000    0.4200 
1.79   0.1500    0.1700    0.0300    0.0000    0.0000    0.0000    0.0000    0.0000    0.0000    0.0000    0.0000    0.3500 
2.00   0.1000    0.0000    0.0000    0.0000    0.0000    0.0000    0.0000    0.0000    0.0000    0.0000    0.0000    0.1000 
2.19   0.0900    0.0000    0.0000    0.0000    0.0000    0.0000    0.0000    0.0000    0.0000    0.0000    0.0000    0.0900 
2.39   0.0700    0.0000    0.0000    0.0000    0.0000    0.0000    0.0000    0.0000    0.0000    0.0000    0.0000    0.0700 
2.59   0.1100    0.0000    0.0000    0.0000    0.0000    0.0000    0.0000    0.0000    0.0000    0.0000    0.0000    0.1100 
2.79   0.0200    0.0000    0.0000    0.0000    0.0000    0.0000    0.0000    0.0000    0.0000    0.0000    0.0000    0.0200 
3.00   0.0200    0.0000    0.0000    0.0000    0.0000    0.0000    0.0000    0.0000    0.0000    0.0000    0.0000    0.0200 
3.19   0.0200    0.0000    0.0000    0.0000    0.0000    0.0000    0.0000    0.0000    0.0000    0.0000    0.0000    0.0200 
3.39   0.0100    0.0000    0.0000    0.0000    0.0000    0.0000    0.0000    0.0000    0.0000    0.0000    0.0000    0.0100 
3.59   0.0000    0.0000    0.0000    0.0000    0.0000    0.0000    0.0000    0.0000    0.0000    0.0000    0.0000    0.0000 
3.79   0.0200    0.0000    0.0000    0.0000    0.0000    0.0000    0.0000    0.0000    0.0000    0.0000    0.0000    0.0200 
4.00   0.0000    0.0000    0.0000    0.0000    0.0000    0.0000    0.0000    0.0000    0.0000    0.0000    0.0000    0.0000 
4.19   0.0000    0.0000    0.0000    0.0000    0.0000    0.0000    0.0000    0.0000    0.0000    0.0000    0.0000    0.0000 
4.39   0.0000    0.0000    0.0000    0.0000    0.0000    0.0000    0.0000    0.0000    0.0000    0.0000    0.0000    0.0000 
4.59   0.0000    0.0000    0.0000    0.0000    0.0000    0.0000    0.0000    0.0000    0.0000    0.0000    0.0000    0.0000 
4.79   0.0000    0.0000    0.0000    0.0000    0.0000    0.0000    0.0000    0.0000    0.0000    0.0000    0.0000    0.0000 
5.00   0.0000    0.0000    0.0000    0.0000    0.0000    0.0000    0.0000    0.0000    0.0000    0.0000    0.0000    0.0000 
