.09   0.0000    0.6100   14.5700  118.4600  463.2900  958.6900  1212.9700  1035.5800  631.5800  259.8400   45.8600  4741.4500 
.14   0.0000    0.7900   17.4400  127.5300  445.4900  793.4900  862.1500  661.9000  381.8900  154.8000   28.0000  3473.4800 
.18   0.0000    1.3000   24.3100  161.1000  515.8800  852.0000  918.5900  749.0700  483.3300  222.0900   41.1800  3968.8500 
.23   0.0200    1.9000   28.6200  166.6700  480.1200  718.3100  719.4300  566.2900  358.5300  163.6500   30.6500  3234.1900 
.27   0.0500    2.7100   35.6300  199.2100  568.8200  895.9300  1003.6200  902.6700  646.5100  324.5200   61.0100  4640.6800 
.32   0.0800    3.2700   38.1900  199.9400  544.1600  838.4100  948.1700  862.0600  622.9500  315.3000   59.2800  4431.8100 
.36   0.0800    3.0900   35.8900  188.5900  517.8300  818.4900  962.2100  908.2300  676.3200  348.3100   65.5600  4524.6000 
.41   0.0900    2.9700   31.3100  154.5900  402.5500  620.2100  724.8800  682.3900  507.0300  261.1000   49.0800  3436.2000 
.45   0.1100    3.3800   33.4800  158.7000  394.8400  589.7900  676.5100  630.5200  465.2400  238.6300   44.8400  3236.0400 
.50   0.1700    4.1800   39.1600  182.1500  463.8900  724.9100  861.7100  822.0900  616.6600  319.4200   59.9500  4094.2900 
.54   0.1500    4.0700   40.9500  201.8000  548.6400  910.8500  1125.9500  1101.7700  838.8000  438.3600   82.3300  5293.6700 
.59   0.1900    4.1500   38.6300  184.5000  505.5500  861.9600  1088.0300  1077.9100  826.4900  433.5600   81.3800  5102.3500 
.63   0.1400    3.9200   40.3500  204.7700  580.6700  1005.2300  1277.9100  1270.8900  976.7700  513.3200   96.4100  5970.3800 
.68   0.1600    3.8900   38.0800  188.7600  525.8100  900.6600  1137.9900  1127.2900  864.4800  453.6900   85.2200  5326.0300 
.72   0.2100    5.0900   48.9000  237.2600  644.2500  1087.1900  1364.1300  1346.1700  1029.3600  539.1200  101.2000  6402.8800 
.77   0.1900    4.0600   37.1300  175.1200  476.4700  814.5300  1030.8800  1023.4700  786.1400  412.7600   77.4700  4838.2200 
.81   0.1900    4.0600   37.8500  182.3000  508.0500  879.2200  1120.2800  1116.1000  858.9800  451.7400   84.8200  5243.5900 
.86   0.2500    4.8200   41.7000  189.9000  508.7900  862.4300  1087.2100  1076.5900  825.3400  433.0800   81.3200  5111.4300 
.90   0.2100    4.2600   38.3900  181.2400  496.0800  849.7700  1077.2500  1070.3200  822.3200  431.9700   81.1300  5052.9400 
.95   0.2600    5.2500   47.2800  222.6400  611.7600  1050.4100  1332.6200  1324.5800  1018.0300  534.9200  100.4100  6248.1600 
.99   0.2700    5.5800   51.0100  242.8700  672.2100  1160.4400  1477.3000  1471.6800  1132.5300  595.3900  111.7800  6921.0600 
1.19   0.2200    4.2700   37.5400  173.4800  472.3600  809.6600  1026.2700  1019.7700  783.6900  411.7600   77.2900  4816.3100 
1.39   0.2300    4.9400   46.2700  224.3200  625.9600  1081.8900  1376.5600  1370.5000  1054.4100  554.3800  104.1300  6443.5900 
1.59   0.2100    4.3200   39.3300  186.6400  514.2900  885.4800  1124.9600  1119.0100  860.3700  452.1900   84.9300  5271.7300 
1.79   0.1500    3.1700   29.4300  141.8000  394.7400  681.9000  867.5500  863.5900  664.2600  349.2000   65.5700  4061.3600 
2.00   0.1000    2.0000   18.0000   84.8000  233.8000  402.6000  511.5000  508.8000  391.2000  205.6000   38.6000  2397.0000 
2.19   0.0900    1.8000   16.2000   76.3200  210.4200  362.3400  460.3500  457.9200  352.0800  185.0400   34.7400  2157.3000 
2.39   0.0700    1.4000   12.6000   59.3600  163.6600  281.8200  358.0500  356.1600  273.8400  143.9200   27.0200  1677.9000 
2.59   0.1100    2.2000   19.8000   93.2800  257.1800  442.8600  562.6500  559.6800  430.3200  226.1600   42.4600  2636.7000 
2.79   0.0200    0.4000    3.6000   16.9600   46.7600   80.5200  102.3000  101.7600   78.2400   41.1200    7.7200  479.4000 
3.00   0.0200    0.4000    3.6000   16.9600   46.7600   80.5200  102.3000  101.7600   78.2400   41.1200    7.7200  479.4000 
3.19   0.0200    0.4000    3.6000   16.9600   46.7600   80.5200  102.3000  101.7600   78.2400   41.1200    7.7200  479.4000 
3.39   0.0100    0.2000    1.8000    8.4800   23.3800   40.2600   51.1500   50.8800   39.1200   20.5600    3.8600  239.7000 
3.59   0.0000    0.0000    0.0000    0.0000    0.0000    0.0000    0.0000    0.0000    0.0000    0.0000    0.0000    0.0000 
3.79   0.0200    0.4000    3.6000   16.9600   46.7600   80.5200  102.3000  101.7600   78.2400   41.1200    7.7200  479.4000 
4.00   0.0000    0.0000    0.0000    0.0000    0.0000    0.0000    0.0000    0.0000    0.0000    0.0000    0.0000    0.0000 
4.19   0.0000    0.0000    0.0000    0.0000    0.0000    0.0000    0.0000    0.0000    0.0000    0.0000    0.0000    0.0000 
4.39   0.0000    0.0000    0.0000    0.0000    0.0000    0.0000    0.0000    0.0000    0.0000    0.0000    0.0000    0.0000 
4.59   0.0000    0.0000    0.0000    0.0000    0.0000    0.0000    0.0000    0.0000    0.0000    0.0000    0.0000    0.0000 
4.79   0.0000    0.0000    0.0000    0.0000    0.0000    0.0000    0.0000    0.0000    0.0000    0.0000    0.0000    0.0000 
5.00   0.0000    0.0000    0.0000    0.0000    0.0000    0.0000    0.0000    0.0000    0.0000    0.0000    0.0000    0.0000 
