.09   0.0000    0.6100    3.6400    5.0700    3.5600    2.2900    1.1900    0.4500    0.2300    0.0300    0.0000   17.0700    3.7700 
.14   0.0000    0.7900    4.5800    3.6800    1.3600    0.8900    0.5500    0.2400    0.1000    0.0200    0.0000   12.2100    2.3200 
.18   0.0000    1.3000    4.9100    2.9300    1.0600    0.4400    0.3200    0.1700    0.0200    0.0300    0.0000   11.1800    2.1100 
.23   0.0200    1.5200    4.1300    1.4200    0.3800    0.1800    0.0900    0.0800    0.0200    0.0000    0.0000    7.8400    1.0000 
.27   0.0500    1.7500    3.9600    1.2700    0.4500    0.2700    0.1300    0.0400    0.0000    0.0000    0.0000    7.9200    1.0600 
.32   0.0800    1.8700    2.9100    0.8000    0.1400    0.0600    0.0500    0.0100    0.0000    0.0000    0.0000    5.9200    0.6900 
.36   0.0800    1.7600    2.8700    0.5800    0.1700    0.1300    0.0300    0.0100    0.0000    0.0000    0.0000    5.6300    0.5000 
.41   0.0900    1.5500    2.0300    0.3900    0.0900    0.0400    0.0100    0.0000    0.0000    0.0100    0.0000    4.2100    0.4600 
.45   0.1100    1.6200    1.2200    0.1500    0.0300    0.0600    0.0000    0.0000    0.0000    0.0000    0.0000    3.1900    0.2100 
.50   0.1700    1.5400    1.3900    0.1800    0.0400    0.0100    0.0000    0.0000    0.0000    0.0000    0.0000    3.3300    0.3900 
.54   0.1500    1.4900    1.3700    0.0700    0.0100    0.0100    0.0000    0.0000    0.0000    0.0000    0.0000    3.1000    0.3600 
.59   0.1900    1.0700    1.0900    0.0300    0.0300    0.0100    0.0000    0.0000    0.0000    0.0000    0.0000    2.4200    0.3500 
.63   0.1400    1.3900    0.9100    0.0300    0.0100    0.0200    0.0200    0.0000    0.0000    0.0000    0.0000    2.5200    0.1400 
.68   0.1600    1.1400    0.8600    0.0200    0.0200    0.0100    0.0000    0.0000    0.0000    0.0000    0.0000    2.2100    0.2300 
.72   0.2100    1.5200    0.5000    0.0000    0.0000    0.0000    0.0000    0.0000    0.0000    0.0000    0.0000    2.2300    0.0500 
.77   0.1900    0.9200    0.3500    0.0100    0.0000    0.0100    0.0000    0.0000    0.0000    0.0000    0.0000    1.4800    0.0600 
.81   0.1900    0.7400    0.3300    0.0000    0.0000    0.0000    0.0000    0.0000    0.0000    0.0000    0.0000    1.2600    0.0500 
.86   0.2500    0.4700    0.2900    0.0000    0.0000    0.0000    0.0000    0.0000    0.0000    0.0000    0.0000    1.0100    0.0900 
.90   0.2100    0.6300    0.1800    0.0000    0.0000    0.0000    0.0000    0.0000    0.0000    0.0000    0.0000    1.0200    0.1000 
.95   0.2600    0.5300    0.2200    0.0000    0.0000    0.0000    0.0000    0.0000    0.0000    0.0000    0.0000    1.0100    0.0300 
.99   0.2700    0.5500    0.1700    0.0200    0.0000    0.0000    0.0000    0.0000    0.0000    0.0000    0.0000    1.0100    0.0100 
1.19   0.2200    0.1400    0.0700    0.0000    0.0000    0.0000    0.0000    0.0000    0.0000    0.0000    0.0000    0.4300    0.0000 
1.39   0.2300    0.4100    0.0400    0.0000    0.0000    0.0000    0.0000    0.0000    0.0000    0.0000    0.0000    0.6800    0.0000 
1.59   0.2100    0.2000    0.0100    0.0000    0.0000    0.0000    0.0000    0.0000    0.0000    0.0000    0.0000    0.4200    0.0000 
1.79   0.1500    0.1700    0.0300    0.0000    0.0000    0.0000    0.0000    0.0000    0.0000    0.0000    0.0000    0.3500    0.0000 
2.00   0.1000    0.0000    0.0000    0.0000    0.0000    0.0000    0.0000    0.0000    0.0000    0.0000    0.0000    0.1000    0.0000 
2.19   0.0900    0.0000    0.0000    0.0000    0.0000    0.0000    0.0000    0.0000    0.0000    0.0000    0.0000    0.0900    0.0000 
2.39   0.0700    0.0000    0.0000    0.0000    0.0000    0.0000    0.0000    0.0000    0.0000    0.0000    0.0000    0.0700    0.0000 
2.59   0.1100    0.0000    0.0000    0.0000    0.0000    0.0000    0.0000    0.0000    0.0000    0.0000    0.0000    0.1100    0.0000 
2.79   0.0200    0.0000    0.0000    0.0000    0.0000    0.0000    0.0000    0.0000    0.0000    0.0000    0.0000    0.0200    0.0000 
3.00   0.0200    0.0000    0.0000    0.0000    0.0000    0.0000    0.0000    0.0000    0.0000    0.0000    0.0000    0.0200    0.0000 
3.19   0.0200    0.0000    0.0000    0.0000    0.0000    0.0000    0.0000    0.0000    0.0000    0.0000    0.0000    0.0200    0.0000 
3.39   0.0100    0.0000    0.0000    0.0000    0.0000    0.0000    0.0000    0.0000    0.0000    0.0000    0.0000    0.0100    0.0000 
3.59   0.0000    0.0000    0.0000    0.0000    0.0000    0.0000    0.0000    0.0000    0.0000    0.0000    0.0000    0.0000    0.0000 
3.79   0.0200    0.0000    0.0000    0.0000    0.0000    0.0000    0.0000    0.0000    0.0000    0.0000    0.0000    0.0200    0.0000 
4.00   0.0000    0.0000    0.0000    0.0000    0.0000    0.0000    0.0000    0.0000    0.0000    0.0000    0.0000    0.0000    0.0000 
4.19   0.0000    0.0000    0.0000    0.0000    0.0000    0.0000    0.0000    0.0000    0.0000    0.0000    0.0000    0.0000    0.0000 
4.39   0.0000    0.0000    0.0000    0.0000    0.0000    0.0000    0.0000    0.0000    0.0000    0.0000    0.0000    0.0000    0.0000 
4.59   0.0000    0.0000    0.0000    0.0000    0.0000    0.0000    0.0000    0.0000    0.0000    0.0000    0.0000    0.0000    0.0000 
4.79   0.0000    0.0000    0.0000    0.0000    0.0000    0.0000    0.0000    0.0000    0.0000    0.0000    0.0000    0.0000    0.0000 
5.00   0.0000    0.0000    0.0000    0.0000    0.0000    0.0000    0.0000    0.0000    0.0000    0.0000    0.0000    0.0000    0.0000 
