.10     0.00      0.00      0.06      0.00      0.00      0.00      0.00      0.00      0.00      0.00      0.00      0.06 
.20     0.00      0.00      0.11      0.00      0.00      0.00      0.00      0.00      0.00      0.00      0.00      0.11 
.30     0.00      0.00      0.26      0.00      0.00      0.00      0.00      0.00      0.00      0.00      0.00      0.26 
.40     0.00      0.05      0.31      0.00      0.00      0.00      0.00      0.00      0.00      0.00      0.00      0.36 
.50     0.00      0.06      0.56      0.00      0.00      0.00      0.00      0.00      0.00      0.00      0.00      0.62 
.60     0.00      0.06      0.68      0.00      0.00      0.00      0.00      0.00      0.00      0.00      0.00      0.74 
.70     0.00      0.14      1.17      0.00      0.00      0.00      0.00      0.00      0.00      0.00      0.00      1.31 
.80     0.00      0.30      1.32      0.00      0.00      0.00      0.00      0.00      0.00      0.00      0.00      1.62 
.90     0.00      0.45      1.61      0.00      0.00      0.00      0.00      0.00      0.00      0.00      0.00      2.06 
1.00     0.06      0.80      1.81      0.00      0.00      0.00      0.00      0.00      0.00      0.00      0.00      2.67 
1.10     0.03      1.35      1.69      0.00      0.00      0.00      0.00      0.00      0.00      0.00      0.00      3.07 
1.20     0.25      1.04      0.95      0.00      0.00      0.00      0.00      0.00      0.00      0.00      0.00      2.24 
1.30     0.23      0.69      0.42      0.00      0.00      0.00      0.00      0.00      0.00      0.00      0.00      1.34 
1.40     0.12      0.21      0.07      0.00      0.00      0.00      0.00      0.00      0.00      0.00      0.00      0.40 
1.50     0.12      0.09      0.00      0.00      0.00      0.00      0.00      0.00      0.00      0.00      0.00      0.21 
1.60     0.03      0.00      0.00      0.00      0.00      0.00      0.00      0.00      0.00      0.00      0.00      0.03 
1.70     0.00      0.00      0.00      0.00      0.00      0.00      0.00      0.00      0.00      0.00      0.00      0.00 
1.80     0.00      0.00      0.00      0.00      0.00      0.00      0.00      0.00      0.00      0.00      0.00      0.00 
1.90     0.00      0.00      0.00      0.00      0.00      0.00      0.00      0.00      0.00      0.00      0.00      0.00 
2.00     0.00      0.00      0.00      0.00      0.00      0.00      0.00      0.00      0.00      0.00      0.00      0.00 
2.10     0.00      0.00      0.00      0.00      0.00      0.00      0.00      0.00      0.00      0.00      0.00      0.00 
2.20     0.00      0.00      0.00      0.00      0.00      0.00      0.00      0.00      0.00      0.00      0.00      0.00 
2.30     0.00      0.00      0.00      0.00      0.00      0.00      0.00      0.00      0.00      0.00      0.00      0.00 
2.40     0.00      0.00      0.00      0.00      0.00      0.00      0.00      0.00      0.00      0.00      0.00      0.00 
2.50     0.00      0.00      0.00      0.00      0.00      0.00      0.00      0.00      0.00      0.00      0.00      0.00 
2.60     0.00      0.00      0.00      0.00      0.00      0.00      0.00      0.00      0.00      0.00      0.00      0.00 
2.70     0.00      0.00      0.00      0.00      0.00      0.00      0.00      0.00      0.00      0.00      0.00      0.00 
2.80     0.00      0.00      0.00      0.00      0.00      0.00      0.00      0.00      0.00      0.00      0.00      0.00 
2.90     0.00      0.00      0.00      0.00      0.00      0.00      0.00      0.00      0.00      0.00      0.00      0.00 
3.00     0.00      0.00      0.00      0.00      0.00      0.00      0.00      0.00      0.00      0.00      0.00      0.00 
