.10     0.00      0.00      0.06      0.00      0.00      0.00      0.00      0.00      0.00      0.00      0.00      0.06      0.00 
.20     0.00      0.00      0.11      0.00      0.00      0.00      0.00      0.00      0.00      0.00      0.00      0.11      0.00 
.30     0.00      0.00      0.25      0.00      0.00      0.00      0.00      0.00      0.00      0.00      0.00      0.25      0.01 
.40     0.00      0.05      0.31      0.00      0.00      0.00      0.00      0.00      0.00      0.00      0.00      0.36      0.00 
.50     0.00      0.06      0.55      0.00      0.00      0.00      0.00      0.00      0.00      0.00      0.00      0.61      0.01 
.60     0.00      0.06      0.65      0.00      0.00      0.00      0.00      0.00      0.00      0.00      0.00      0.71      0.03 
.70     0.00      0.14      1.08      0.00      0.00      0.00      0.00      0.00      0.00      0.00      0.00      1.22      0.09 
.80     0.00      0.30      1.19      0.00      0.00      0.00      0.00      0.00      0.00      0.00      0.00      1.49      0.08 
.90     0.00      0.45      1.51      0.00      0.00      0.00      0.00      0.00      0.00      0.00      0.00      1.96      0.08 
1.00     0.06      0.80      1.57      0.00      0.00      0.00      0.00      0.00      0.00      0.00      0.00      2.43      0.19 
1.10     0.03      1.35      1.45      0.00      0.00      0.00      0.00      0.00      0.00      0.00      0.00      2.83      0.18 
1.20     0.25      1.04      0.72      0.00      0.00      0.00      0.00      0.00      0.00      0.00      0.00      2.01      0.21 
1.30     0.23      0.69      0.39      0.00      0.00      0.00      0.00      0.00      0.00      0.00      0.00      1.31      0.03 
1.40     0.12      0.21      0.07      0.00      0.00      0.00      0.00      0.00      0.00      0.00      0.00      0.40      0.00 
1.50     0.12      0.09      0.00      0.00      0.00      0.00      0.00      0.00      0.00      0.00      0.00      0.21      0.00 
1.60     0.03      0.00      0.00      0.00      0.00      0.00      0.00      0.00      0.00      0.00      0.00      0.03      0.00 
1.70     0.00      0.00      0.00      0.00      0.00      0.00      0.00      0.00      0.00      0.00      0.00      0.00      0.00 
1.80     0.00      0.00      0.00      0.00      0.00      0.00      0.00      0.00      0.00      0.00      0.00      0.00      0.00 
1.90     0.00      0.00      0.00      0.00      0.00      0.00      0.00      0.00      0.00      0.00      0.00      0.00      0.00 
2.00     0.00      0.00      0.00      0.00      0.00      0.00      0.00      0.00      0.00      0.00      0.00      0.00      0.00 
2.10     0.00      0.00      0.00      0.00      0.00      0.00      0.00      0.00      0.00      0.00      0.00      0.00      0.00 
2.20     0.00      0.00      0.00      0.00      0.00      0.00      0.00      0.00      0.00      0.00      0.00      0.00      0.00 
2.30     0.00      0.00      0.00      0.00      0.00      0.00      0.00      0.00      0.00      0.00      0.00      0.00      0.00 
2.40     0.00      0.00      0.00      0.00      0.00      0.00      0.00      0.00      0.00      0.00      0.00      0.00      0.00 
2.50     0.00      0.00      0.00      0.00      0.00      0.00      0.00      0.00      0.00      0.00      0.00      0.00      0.00 
2.60     0.00      0.00      0.00      0.00      0.00      0.00      0.00      0.00      0.00      0.00      0.00      0.00      0.00 
2.70     0.00      0.00      0.00      0.00      0.00      0.00      0.00      0.00      0.00      0.00      0.00      0.00      0.00 
2.80     0.00      0.00      0.00      0.00      0.00      0.00      0.00      0.00      0.00      0.00      0.00      0.00      0.00 
2.90     0.00      0.00      0.00      0.00      0.00      0.00      0.00      0.00      0.00      0.00      0.00      0.00      0.00 
3.00     0.00      0.00      0.00      0.00      0.00      0.00      0.00      0.00      0.00      0.00      0.00      0.00      0.00 
