.10     0.00      0.00      0.06      0.90      5.43     16.85     31.46     40.66     38.78     23.83      5.17    163.14 
.20     0.00      0.00      0.11      1.61      8.87     25.14     46.72     61.99     59.38     37.71      8.83    250.36 
.30     0.00      0.00      0.26      3.48     18.52     51.35     97.20    137.86    144.42     98.00     22.35    573.44 
.40     0.00      0.05      1.21     10.40     44.86    110.44    192.12    252.56    247.71    161.13     35.13   1055.61 
.50     0.00      0.06      1.64     15.15     68.05    171.11    299.31    386.27    371.57    235.24     52.11   1600.51 
.60     0.00      0.06      1.75     16.60     75.04    187.26    320.28    414.57    407.51    266.37     58.49   1747.93 
.70     0.00      0.14      3.63     33.05    145.54    355.82    586.76    715.67    645.90    384.15     80.18   2950.84 
.80     0.00      0.30      6.57     53.19    212.52    476.66    733.62    839.93    715.90    402.68     79.34   3520.71 
.90     0.00      0.45      9.29     71.85    279.66    620.85    945.67   1067.62    893.65    491.77     94.68   4475.49 
1.00     0.06      1.97     24.60    145.82    470.39    894.15   1188.79   1198.77    909.53    459.86     81.38   5375.32 
1.10     0.03      1.93     27.48    166.27    528.76    980.31   1266.44   1228.64    889.52    426.56     72.81   5588.75 
1.20     0.25      5.44     50.90    238.13    629.84   1014.11   1179.38   1047.81    706.02    320.03     50.61   5242.52 
1.30     0.23      4.73     41.70    185.09    465.74    713.82    793.46    683.84    452.63    202.77     31.68   3575.69 
1.40     0.12      2.06     15.38     58.15    126.46    169.91    169.67    133.22     80.55     32.94      4.88    793.34 
1.50     0.12      1.98     14.21     52.00    108.98    140.32    135.96    104.42     61.89     24.76      3.33    647.97 
1.60     0.03      0.38      2.16      6.48     11.28     11.84      8.61      4.80      2.01      0.51      0.05     48.15 
1.70     0.00      0.00      0.00      0.00      0.00      0.00      0.00      0.00      0.00      0.00      0.00      0.00 
1.80     0.00      0.00      0.00      0.00      0.00      0.00      0.00      0.00      0.00      0.00      0.00      0.00 
1.90     0.00      0.00      0.00      0.00      0.00      0.00      0.00      0.00      0.00      0.00      0.00      0.00 
2.00     0.00      0.00      0.00      0.00      0.00      0.00      0.00      0.00      0.00      0.00      0.00      0.00 
2.10     0.00      0.00      0.00      0.00      0.00      0.00      0.00      0.00      0.00      0.00      0.00      0.00 
2.20     0.00      0.00      0.00      0.00      0.00      0.00      0.00      0.00      0.00      0.00      0.00      0.00 
2.30     0.00      0.00      0.00      0.00      0.00      0.00      0.00      0.00      0.00      0.00      0.00      0.00 
2.40     0.00      0.00      0.00      0.00      0.00      0.00      0.00      0.00      0.00      0.00      0.00      0.00 
2.50     0.00      0.00      0.00      0.00      0.00      0.00      0.00      0.00      0.00      0.00      0.00      0.00 
2.60     0.00      0.00      0.00      0.00      0.00      0.00      0.00      0.00      0.00      0.00      0.00      0.00 
2.70     0.00      0.00      0.00      0.00      0.00      0.00      0.00      0.00      0.00      0.00      0.00      0.00 
2.80     0.00      0.00      0.00      0.00      0.00      0.00      0.00      0.00      0.00      0.00      0.00      0.00 
2.90     0.00      0.00      0.00      0.00      0.00      0.00      0.00      0.00      0.00      0.00      0.00      0.00 
3.00     0.00      0.00      0.00      0.00      0.00      0.00      0.00      0.00      0.00      0.00      0.00      0.00 
