.10     0.00      0.00      0.06      0.87      4.98     14.84     27.70     36.72     35.50     22.81      5.46    148.94 
.20     0.00      0.00      0.17      2.35     12.64     34.93     64.92     92.26     96.77     67.09     15.58    386.71 
.30     0.00      0.01      0.48      5.59     28.71     79.60    146.58    196.49    193.07    126.98     28.86    806.37 
.40     0.00      0.02      0.76      8.11     40.20    108.93    196.84    261.04    255.15    164.92     37.42   1073.39 
.50     0.00      0.04      1.37     13.95     66.42    172.96    300.69    385.76    367.07    232.55     51.82   1592.63 
.60     0.00      0.04      1.57     16.32     77.09    197.08    346.76    449.22    427.93    268.59     58.71   1843.31 
.70     0.00      0.10      2.75     26.24    118.65    296.14    493.78    607.27    554.90    335.38     71.49   2506.70 
.80     0.01      0.33      5.91     48.08    198.66    464.19    740.87    872.34    756.96    433.27     87.54   3608.16 
.90     0.04      1.37     18.41    117.29    407.55    836.95   1210.25   1310.46   1061.74    572.97    107.97   5645.00 
1.00     0.01      0.90     14.87    102.13    361.96    736.50   1029.91   1076.44    839.59    437.42     79.77   4679.50 
1.10     0.09      2.90     34.47    192.43    582.36   1041.32   1312.94   1258.95    914.61    446.27     77.21   5863.55 
1.20     0.31      6.57     59.45    271.14    702.81   1112.43   1272.12   1118.63    750.70    341.40     54.61   5690.17 
1.30     0.39      7.41     61.02    255.81    613.80    901.95    964.08    790.65    493.15    207.41     31.54   4327.21 
1.40     0.21      3.96     31.51    126.55    290.73    411.22    425.63    341.83    210.33     87.28     12.64   1941.89 
1.50     0.16      2.33     15.22     52.32    103.69    125.34    108.02     71.37     36.24     12.37      1.58    528.64 
1.60     0.04      0.61      4.11     14.14     27.75     33.03     28.15     18.30      8.71      2.79      0.43    138.06 
1.70     0.01      0.14      0.87      2.81      5.17      5.62      4.39      2.44      0.89      0.24      0.02     22.60 
1.80     0.01      0.15      1.00      3.38      6.42      7.21      5.90      3.54      1.53      0.48      0.06     29.68 
1.90     0.00      0.00      0.00      0.00      0.00      0.00      0.00      0.00      0.00      0.00      0.00      0.00 
2.00     0.00      0.00      0.00      0.00      0.00      0.00      0.00      0.00      0.00      0.00      0.00      0.00 
2.10     0.00      0.00      0.00      0.00      0.00      0.00      0.00      0.00      0.00      0.00      0.00      0.00 
2.20     0.00      0.00      0.00      0.00      0.00      0.00      0.00      0.00      0.00      0.00      0.00      0.00 
2.30     0.00      0.00      0.00      0.00      0.00      0.00      0.00      0.00      0.00      0.00      0.00      0.00 
2.40     0.00      0.00      0.00      0.00      0.00      0.00      0.00      0.00      0.00      0.00      0.00      0.00 
2.50     0.00      0.00      0.00      0.00      0.00      0.00      0.00      0.00      0.00      0.00      0.00      0.00 
2.60     0.00      0.00      0.00      0.00      0.00      0.00      0.00      0.00      0.00      0.00      0.00      0.00 
2.70     0.00      0.00      0.00      0.00      0.00      0.00      0.00      0.00      0.00      0.00      0.00      0.00 
2.80     0.00      0.00      0.00      0.00      0.00      0.00      0.00      0.00      0.00      0.00      0.00      0.00 
2.90     0.00      0.00      0.00      0.00      0.00      0.00      0.00      0.00      0.00      0.00      0.00      0.00 
3.00     0.00      0.00      0.00      0.00      0.00      0.00      0.00      0.00      0.00      0.00      0.00      0.00 
