.20     0.00      0.00      0.00      0.11      1.72      8.76     31.83     79.82    149.98    235.14    326.74    396.60    413.36    353.73    210.58     31.25   2239.62 
.40     0.00      0.00      0.00      0.22      3.72     20.68     68.44    159.01    290.67    452.21    615.07    732.24    751.01    612.23    331.67     45.44   4082.61 
.60     0.00      0.00      0.00      0.31      5.67     34.16    110.09    250.09    463.23    736.88   1018.79   1216.51   1247.74   1035.36    572.23     81.05   6772.11 
.80     0.00      0.00      0.00      0.32      5.57     31.53    103.59    244.48    460.83    731.37   1001.58   1186.51   1197.19    955.06    514.39     69.91   6502.33 
1.00     0.00      0.00      0.00      0.42      6.87     36.40    115.40    279.71    555.22    927.21   1315.56   1605.73   1664.83   1376.59    775.62    107.91   8767.47 
1.20     0.00      0.00      0.00      0.62     10.25     57.14    189.87    457.96    902.66   1477.62   2062.77   2485.83   2541.00   2068.46   1136.25    155.67  13546.10 
1.40     0.00      0.00      0.00      0.75     13.05     76.13    254.81    599.16   1134.09   1837.88   2562.83   3076.88   3120.39   2527.99   1391.35    192.21  16787.52 
1.60     0.00      0.00      0.00      0.74     12.82     73.41    238.22    560.66   1097.84   1840.78   2629.72   3215.16   3299.69   2705.59   1489.47    204.71  17368.81 
1.80     0.00      0.00      0.00      0.96     16.33     93.47    315.25    763.19   1484.05   2440.90   3462.72   4219.76   4305.50   3466.80   1843.17    245.70  22657.80 
2.00     0.00      0.00      0.00      1.17     19.89    113.03    380.79    954.81   1885.46   3125.11   4443.43   5408.44   5545.80   4502.37   2419.39    320.42  29120.11 
2.20     0.00      0.00      0.00      1.17     20.64    120.97    396.36    949.64   1856.86   3103.01   4451.76   5457.09   5604.20   4582.45   2489.85    316.43  29350.43 
2.40     0.00      0.00      0.00      1.33     22.95    131.38    440.37   1077.67   2134.43   3575.29   5140.53   6291.20   6418.14   5127.79   2686.62    339.84  33387.54 
2.60     0.00      0.00      0.00      1.27     22.25    133.25    472.82   1235.88   2585.66   4525.70   6663.85   8141.75   8084.43   6209.11   3103.84    369.54  41549.35 
2.80     0.00      0.00      0.00      1.53     26.00    150.40    538.29   1416.54   2941.48   5048.27   7288.08   8795.00   8655.31   6560.65   3207.14    372.23  45000.92 
3.00     0.00      0.00      0.00      1.52     26.99    161.79    583.23   1538.43   3230.40   5600.97   8062.08   9564.79   9123.84   6587.06   3064.38    355.19  47900.67 
3.20     0.00      0.00      0.00      1.90     33.40    202.51    749.06   2028.98   4312.29   7385.69  10308.78  11683.12  10574.24   7291.29   3264.46    368.18  58203.90 
3.40     0.00      0.00      0.00      1.76     31.41    194.76    720.01   1970.20   4252.56   7321.98  10100.04  11200.17   9888.35   6665.27   2947.82    330.69  55625.02 
3.60     0.00      0.00      0.00      2.16     36.72    232.47    891.91   2375.34   4866.63   7983.60  10657.65  11451.23   9788.25   6373.38   2700.96    299.61  57659.91 
3.80     0.00      0.00      0.00      2.36     41.77    262.63   1045.65   2954.38   6123.99   9778.99  12433.05  12727.81  10406.97   6532.74   2710.22    305.38  65325.94 
4.00     0.00      0.00      0.00      2.30     45.09    307.17   1219.22   3367.86   6912.80  10877.26  13431.86  13299.45  10517.18   6385.29   2586.50    287.00  69238.98 
4.20     0.00      0.00      0.00      2.50     48.98    340.50   1381.98   3852.96   7838.27  12107.53  14692.00  14289.35  11133.05   6702.51   2683.34    305.64  75378.61 
4.40     0.00      0.00      0.00      3.49     62.04    407.57   1589.36   4244.24   8284.73  12307.34  14406.46  13598.76  10359.97   6138.43   2450.11    277.16  74129.66 
4.60     0.00      0.00      0.00      3.09     65.97    491.00   2002.17   5204.63   9706.17  13763.05  15448.50  14032.26  10286.69   5858.80   2254.01    255.78  79372.12 
4.80     0.00      0.00      0.00      3.93     79.10    556.18   2164.08   5568.79  10318.96  14413.47  15785.78  13966.49  10025.77   5622.65   2130.19    247.01  80882.40 
5.00     0.00      0.00      0.00      5.05     92.13    614.02   2326.36   5869.56  10420.04  13902.01  14667.54  12583.12   8808.38   4822.67   1794.56    210.59  76116.03 
5.20     0.00      0.00      0.00      5.92    118.07    814.71   2978.38   7052.31  12009.17  15547.11  15990.59  13369.59   9088.09   4841.23   1772.69    206.55  83794.41 
5.40     0.00      0.00      0.00      6.88    124.35    826.10   3022.44   7176.71  12059.80  15409.97  15762.87  13184.12   8991.22   4802.42   1780.79    212.37  83360.04 
5.60     0.00      0.00      0.00      8.78    157.43   1039.20   3685.97   8330.43  13282.78  16326.27  16202.56  13315.91   9010.49   4792.49   1748.83    210.01  88111.15 
5.80     0.00      0.00      0.00      8.85    158.68   1041.54   3734.74   8509.27  13481.49  16247.61  15698.74  12516.25   8238.67   4339.52   1571.10    186.01  85732.47 
6.00     0.00      0.00      0.00      7.59    149.54   1028.12   3724.99   8454.59  13290.27  15758.52  15009.03  11881.95   7804.18   4047.22   1447.31    171.06  82774.37 
6.20     0.00      0.00      0.00     10.14    188.09   1250.00   4313.52   9213.66  13701.51  15514.04  14212.83  10860.34   6953.05   3575.01   1283.18    159.59  81234.96 
6.40     0.00      0.00      0.00     12.45    232.20   1448.92   4667.04   9717.94  14396.45  16379.21  15027.24  11490.75   7310.37   3692.59   1278.67    158.26  85812.09 
6.60     0.00      0.00      0.00     12.98    229.90   1431.54   4654.10   9578.42  13817.72  15206.55  13594.51  10167.64   6383.95   3236.64   1143.76    143.71  79601.42 
6.80     0.00      0.00      0.00     13.97    235.54   1435.54   4616.84   9272.69  13180.47  14461.16  13021.74   9913.57   6322.48   3223.32   1128.56    138.27  76964.15 
7.00     0.00      0.00      0.00     18.82    308.23   1805.76   5481.01  10459.26  14236.13  15137.76  13288.80   9898.87   6277.64   3220.85   1160.55    148.97  81442.65 
7.20     0.00      0.00      0.00     18.84    309.73   1822.24   5547.81  10536.58  14253.17  15066.45  13103.87   9646.98   5971.38   2960.07   1020.30    129.48  80386.90 
7.40     0.00      0.00      0.00     21.55    339.94   1929.99   5654.70  10341.66  13553.80  13915.83  11865.33   8625.43   5317.05   2647.14    921.61    119.30  75253.33 
7.60     0.00      0.00      0.00     21.88    354.62   2029.04   5878.64  10590.11  13655.35  13847.93  11676.91   8423.40   5169.50   2582.42    901.16    117.72  75248.68 
7.80     0.00      0.00      0.00     26.60    412.02   2310.98   6637.93  11752.22  15018.73  15185.60  12788.44   9188.66   5572.77   2732.71    940.12    125.54  82692.32 
8.00     0.00      0.00      0.00     27.70    425.03   2362.66   6667.45  11579.44  14319.97  14085.27  11662.15   8274.85   5010.17   2474.68    860.82    113.98  77864.17 
