.20     0.00      0.00      0.00      0.11      0.02      0.02      0.00      0.00      0.00      0.00      0.00      0.00      0.00      0.00      0.00      0.00      0.15      0.00 
.40     0.00      0.00      0.00      0.22      0.00      0.00      0.04      0.00      0.00      0.00      0.00      0.00      0.00      0.00      0.00      0.00      0.26      0.00 
.60     0.00      0.00      0.00      0.31      0.02      0.02      0.00      0.11      0.14      0.16      0.00      0.00      0.00      0.00      0.00      0.00      0.76      0.00 
.80     0.00      0.00      0.00      0.32      0.03      0.07      0.04      0.00      0.00      0.00      0.00      0.00      0.00      0.00      0.00      0.00      0.46      0.03 
1.00     0.00      0.00      0.00      0.42      0.07      0.09      0.12      0.04      0.12      0.03      0.55      0.30      0.00      0.00      0.00      0.00      1.74      0.01 
1.20     0.00      0.00      0.00      0.62      0.06      0.09      0.24      0.21      0.69      0.31      0.13      0.39      0.24      0.00      0.00      0.00      2.98      0.16 
1.40     0.00      0.00      0.00      0.74      0.07      0.18      0.22      0.54      0.40      0.64      0.53      0.74      0.03      0.03      0.11      0.00      4.23      0.13 
1.60     0.00      0.00      0.00      0.74      0.13      0.20      0.47      0.55      0.91      0.90      1.16      0.55      0.44      0.19      0.00      0.00      6.24      0.72 
1.80     0.00      0.00      0.00      0.93      0.13      0.51      0.48      0.84      0.90      1.19      2.35      2.97      0.78      0.29      0.01      0.00     11.38      1.90 
2.00     0.00      0.00      0.00      1.16      0.41      0.59      0.78      1.36      1.80      2.43      3.54      3.99      3.66      0.81      0.06      0.00     20.59      3.91 
2.20     0.00      0.00      0.00      1.14      0.31      0.56      1.15      2.49      4.11      4.93      7.79      8.01      6.36      2.78      0.13      0.00     39.76      6.95 
2.40     0.00      0.00      0.00      1.32      0.29      0.87      1.41      2.74      5.32      9.59      9.48      9.35      5.22      1.65      0.07      0.00     47.31      9.58 
2.60     0.00      0.00      0.00      1.26      0.55      1.45      3.75      6.15      9.44     11.37     11.20     10.37      6.87      2.11      0.22      0.00     64.74     15.66 
2.80     0.00      0.00      0.00      1.47      0.53      1.91      4.09      7.75     10.93     15.81     17.90     14.36      6.88      2.16      0.11      0.00     83.90     22.50 
3.00     0.00      0.00      0.00      1.48      0.97      2.11      4.84      9.31     15.14     19.19     20.10     14.67      6.97      1.64      0.27      0.00     96.69     23.51 
3.20     0.00      0.00      0.00      1.85      0.97      3.02      8.31     13.36     19.01     22.09     21.14     13.28      8.41      1.79      0.08      0.00    113.31     32.00 
3.40     0.00      0.00      0.00      1.74      1.04      3.32      8.60     14.52     19.29     24.87     21.55     13.89      5.93      1.53      0.55      0.00    116.83     32.68 
3.60     0.00      0.00      0.00      1.84      1.63      4.48      9.02     17.20     24.89     27.71     21.44     12.48      6.22      2.11      0.54      0.00    129.56     34.24 
3.80     0.00      0.00      0.00      2.24      1.76      6.24     12.09     17.92     23.99     23.87     21.21     10.88      4.90      1.36      0.15      0.00    126.61     37.31 
4.00     0.00      0.00      0.00      2.13      2.58      7.38     15.52     23.33     28.23     25.54     19.07     13.98      8.59      1.65      0.07      0.00    148.07     43.35 
4.20     0.00      0.00      0.00      2.22      3.69      8.91     16.65     25.19     28.43     27.96     21.47     15.08      5.36      1.88      0.21      0.00    157.05     44.80 
4.40     0.00      0.00      0.00      2.76      3.17      9.56     18.16     23.82     26.64     23.84     21.05     10.42      4.27      1.52      0.15      0.00    145.36     42.92 
4.60     0.00      0.00      0.00      2.77      5.17     12.05     19.19     25.97     28.41     24.89     17.09      9.62      4.42      1.71      0.09      0.00    151.38     43.72 
4.80     0.00      0.00      0.00      3.17      5.31     12.91     23.56     27.68     27.01     24.10     16.90      8.55      4.22      1.37      0.11      0.00    154.89     50.23 
5.00     0.00      0.00      0.00      3.37      5.66     14.36     20.93     26.57     25.75     22.50     14.88     10.13      4.24      1.18      0.24      0.00    149.81     46.19 
5.20     0.00      0.00      0.00      3.66      7.50     16.04     24.82     28.90     26.12     20.81     15.47      8.12      3.72      1.77      0.16      0.00    157.09     48.37 
5.40     0.00      0.00      0.00      3.90      7.40     16.84     23.06     27.95     24.97     21.09     14.51      8.64      3.70      1.05      0.35      0.00    153.46     48.08 
5.60     0.00      0.00      0.00      4.67      9.22     18.22     22.40     24.35     22.53     16.74     12.71      6.26      3.08      0.72      0.78      0.00    141.68     46.73 
5.80     0.00      0.00      0.00      4.64      9.81     19.08     23.84     24.24     21.34     13.94      9.66      6.33      3.28      0.85      0.22      0.00    137.23     48.46 
6.00     0.00      0.00      0.00      4.20     10.87     21.05     24.67     24.15     23.20     16.30     12.26      7.20      3.51      0.87      0.11      0.00    148.39     47.92 
6.20     0.00      0.00      0.00      5.20     11.14     20.99     25.60     22.85     20.46     14.98      9.84      6.05      2.72      0.93      0.09      0.00    140.85     47.42 
6.40     0.00      0.00      0.00      5.60     12.92     21.11     24.08     21.25     18.31     13.17      8.93      3.84      2.61      0.49      0.07      0.00    132.38     45.72 
6.60     0.00      0.00      0.00      6.06     13.03     21.75     23.00     21.86     17.82     15.22      9.77      4.95      2.94      1.07      0.21      0.00    137.68     46.56 
6.80     0.00      0.00      0.00      5.86     14.04     22.22     24.33     21.53     18.51     13.48      8.81      5.08      2.34      1.62      0.48      0.00    138.30     46.01 
7.00     0.00      0.00      0.00      7.06     14.91     22.78     21.49     20.93     15.25     10.02      8.09      4.96      2.06      0.57      0.09      0.00    128.21     44.90 
7.20     0.00      0.00      0.00      7.03     15.55     22.32     21.87     19.20     15.00     10.55      6.74      4.26      1.95      0.37      0.21      0.00    125.05     46.35 
7.40     0.00      0.00      0.00      7.57     15.23     21.70     20.98     18.93     13.45     10.67      7.41      4.92      1.80      0.85      0.30      0.00    123.81     42.63 
7.60     0.00      0.00      0.00      7.59     17.81     22.64     19.13     15.27     12.51     10.29      6.29      3.16      1.80      0.84      0.12      0.00    117.45     44.93 
7.80     0.00      0.00      0.00      8.69     18.43     22.22     19.13     15.42     13.31     10.79      6.27      3.82      1.29      0.68      0.12      0.00    120.17     45.07 
8.00     0.00      0.00      0.00      8.61     19.17     22.44     19.01     16.51     11.75      9.60      7.07      3.57      1.92      1.16      0.22      0.00    121.03     45.41 
