.20     0.00      0.00      0.00      0.11      0.02      0.01      0.00      0.00      0.00      0.01      0.00      0.00      0.00      0.00      0.00      0.00      0.15 
.40     0.00      0.00      0.00      0.22      0.00      0.00      0.01      0.00      0.01      0.01      0.00      0.00      0.00      0.00      0.00      0.00      0.25 
.60     0.00      0.00      0.00      0.31      0.04      0.01      0.00      0.03      0.02      0.03      0.00      0.00      0.00      0.00      0.00      0.00      0.44 
.80     0.00      0.00      0.00      0.32      0.04      0.06      0.01      0.01      0.00      0.03      0.00      0.01      0.00      0.00      0.00      0.00      0.48 
1.00     0.00      0.00      0.00      0.42      0.08      0.06      0.06      0.03      0.04      0.01      0.04      0.04      0.02      0.00      0.00      0.00      0.80 
1.20     0.00      0.00      0.00      0.62      0.11      0.08      0.13      0.05      0.10      0.05      0.04      0.11      0.06      0.03      0.00      0.00      1.38 
1.40     0.00      0.00      0.00      0.75      0.12      0.12      0.15      0.12      0.10      0.08      0.11      0.14      0.05      0.06      0.04      0.00      1.84 
1.60     0.00      0.00      0.00      0.74      0.18      0.12      0.22      0.24      0.22      0.16      0.23      0.31      0.20      0.12      0.02      0.00      2.76 
1.80     0.00      0.00      0.00      0.96      0.23      0.44      0.33      0.55      0.69      0.52      0.79      0.52      0.31      0.18      0.04      0.00      5.56 
2.00     0.00      0.00      0.00      1.17      0.46      0.52      0.63      0.80      0.89      1.19      1.37      1.51      0.83      0.28      0.12      0.00      9.77 
2.20     0.00      0.00      0.00      1.17      0.39      0.46      0.87      1.77      3.08      2.85      4.03      2.79      1.86      0.99      0.18      0.00     20.44 
2.40     0.00      0.00      0.00      1.33      0.40      0.72      1.33      1.91      3.15      5.72      5.28      3.91      2.34      0.66      0.19      0.00     26.94 
2.60     0.00      0.00      0.00      1.27      0.70      1.40      4.93      7.93      9.97      9.62      7.42      4.62      2.56      1.03      0.18      0.00     51.63 
2.80     0.00      0.00      0.00      1.53      0.66      3.00      6.30     11.10     13.68     13.25     11.13      6.66      2.63      1.18      0.06      0.00     71.18 
3.00     0.00      0.00      0.00      1.52      1.55      3.26      8.07     13.62     17.39     16.74     11.29      6.42      2.79      0.31      0.03      0.00     82.99 
3.20     0.00      0.00      0.00      1.90      1.71      6.48     16.77     24.78     24.47     19.26     10.82      4.82      1.21      0.27      0.04      0.00    112.53 
3.40     0.00      0.00      0.00      1.76      1.89      8.82     20.10     26.92     25.51     17.07      8.65      3.31      0.96      0.24      0.02      0.00    115.25 
3.60     0.00      0.00      0.00      2.16      3.41     10.42     21.46     29.63     27.39     18.50      7.20      2.22      0.47      0.05      0.00      0.00    122.91 
3.80     0.00      0.00      0.00      2.36      3.41     19.44     34.05     37.99     25.94     14.24      5.16      1.33      0.49      0.09      0.00      0.00    144.50 
4.00     0.00      0.00      0.00      2.30      6.87     23.00     41.99     42.50     32.11     13.97      4.36      0.93      0.23      0.01      0.01      0.00    168.28 
4.20     0.00      0.00      0.00      2.50      9.81     29.22     48.50     47.36     27.31     10.31      2.50      0.52      0.14      0.00      0.00      0.00    178.17 
4.40     0.00      0.00      0.00      3.49      9.47     33.44     50.77     44.66     23.98      8.69      2.22      0.47      0.05      0.00      0.00      0.00    177.24 
4.60     0.00      0.00      0.00      3.09     15.42     50.34     60.24     44.13     22.41      6.88      1.24      0.11      0.00      0.00      0.00      0.00    203.86 
4.80     0.00      0.00      0.00      3.93     19.48     48.35     75.80     52.56     20.23      5.97      1.04      0.15      0.00      0.00      0.00      0.00    227.51 
5.00     0.00      0.00      0.00      5.05     21.79     56.35     64.79     41.42     15.51      3.93      0.39      0.12      0.01      0.00      0.00      0.00    209.36 
5.20     0.00      0.00      0.00      5.92     35.59     66.49     67.43     42.15     12.46      2.46      0.49      0.01      0.00      0.00      0.00      0.00    233.00 
5.40     0.00      0.00      0.00      6.88     33.76     69.42     68.77     33.53     11.42      2.34      0.42      0.01      0.00      0.00      0.00      0.00    226.55 
5.60     0.00      0.00      0.00      8.78     42.48     84.90     70.04     25.93      9.50      1.99      0.30      0.06      0.00      0.00      0.00      0.00    243.98 
5.80     0.00      0.00      0.00      8.85     46.43     89.00     67.33     30.01      8.01      0.84      0.16      0.00      0.00      0.00      0.00      0.00    250.63 
6.00     0.00      0.00      0.00      7.59     51.36     95.02     70.08     25.13      7.73      1.21      0.10      0.01      0.00      0.00      0.00      0.00    258.23 
6.20     0.00      0.00      0.00     10.14     58.37    100.18     67.35     23.44      3.94      0.52      0.01      0.01      0.00      0.00      0.00      0.00    263.96 
6.40     0.00      0.00      0.00     12.45     73.29     97.84     64.43     21.16      4.44      0.33      0.00      0.00      0.00      0.00      0.00      0.00    273.94 
6.60     0.00      0.00      0.00     12.98     70.46    102.52     56.08     19.44      2.72      0.38      0.04      0.00      0.00      0.00      0.00      0.00    264.62 
6.80     0.00      0.00      0.00     13.97     77.05    103.06     54.64     14.58      3.09      0.32      0.00      0.00      0.00      0.00      0.00      0.00    266.71 
7.00     0.00      0.00      0.00     18.82     88.05    108.95     51.22     12.16      1.82      0.19      0.00      0.00      0.00      0.00      0.00      0.00    281.21 
7.20     0.00      0.00      0.00     18.84     93.83    105.23     50.89     12.95      1.35      0.16      0.00      0.00      0.00      0.00      0.00      0.00    283.25 
7.40     0.00      0.00      0.00     21.55     95.39    105.95     38.72      9.99      0.99      0.01      0.00      0.00      0.00      0.00      0.00      0.00    272.60 
7.60     0.00      0.00      0.00     21.88    109.32    110.03     36.26      6.70      0.64      0.09      0.00      0.00      0.00      0.00      0.00      0.00    284.92 
7.80     0.00      0.00      0.00     26.60    120.00    110.30     35.61      5.32      1.14      0.09      0.00      0.00      0.00      0.00      0.00      0.00    299.06 
8.00     0.00      0.00      0.00     27.70    121.66    109.89     35.29      5.16      0.46      0.01      0.00      0.00      0.00      0.00      0.00      0.00    300.17 
