.20     0.00      0.00      0.01      1.62      0.58      0.77      0.39      0.06      0.11      0.01      0.02      3.57      0.18 
.40     0.00      0.00      0.01      3.36      2.37      0.63      0.24      0.33      0.04      0.00      0.00      6.98      1.27 
.60     0.00      0.00      0.00      5.28      2.13      1.20      0.64      0.11      0.08      0.01      0.00      9.45      2.09 
.80     0.00      0.00      0.09      7.02      2.87      1.27      0.27      0.32      0.12      0.15      0.00     12.11      3.56 
1.00     0.00      0.00      0.23      8.88      3.65      1.25      0.46      0.14      0.04      0.01      0.00     14.66      6.29 
1.20     0.00      0.00      0.28     11.08      3.43      1.06      0.45      0.21      0.05      0.00      0.00     16.56      8.26 
1.40     0.00      0.00      0.79     12.53      3.41      0.86      0.29      0.20      0.00      0.00      0.00     18.08     11.49 
1.60     0.00      0.00      1.26     13.27      4.20      1.19      0.27      0.09      0.00      0.00      0.00     20.28     13.94 
1.80     0.00      0.01      2.29     13.63      3.22      0.96      0.33      0.04      0.00      0.00      0.00     20.48     14.82 
2.00     0.00      0.02      2.90     14.40      2.76      0.55      0.14      0.00      0.04      0.00      0.00     20.81     16.25 
2.20     0.00      0.02      4.30     14.21      2.07      0.37      0.01      0.02      0.01      0.00      0.00     21.01     16.27 
2.40     0.00      0.21      5.25     12.70      1.71      0.22      0.10      0.00      0.01      0.00      0.00     20.20     14.09 
2.60     0.00      0.34      6.84     10.31      0.87      0.02      0.02      0.01      0.00      0.00      0.00     18.41     14.14 
2.80     0.00      0.24      7.29      9.02      0.87      0.22      0.06      0.00      0.00      0.00      0.00     17.70     11.97 
3.00     0.00      0.69      7.99      6.38      0.49      0.05      0.01      0.00      0.00      0.00      0.00     15.61      9.59 
3.20     0.00      0.89      8.97      4.66      0.23      0.00      0.00      0.00      0.00      0.00      0.00     14.75      8.21 
3.40     0.03      1.12      7.06      3.83      0.15      0.00      0.00      0.00      0.00      0.00      0.00     12.19      6.21 
3.60     0.06      1.50      6.93      2.08      0.05      0.00      0.00      0.00      0.00      0.00      0.00     10.62      4.57 
3.80     0.13      1.50      5.67      1.56      0.17      0.01      0.00      0.00      0.00      0.00      0.00      9.04      3.34 
4.00     0.20      1.39      4.31      1.01      0.02      0.00      0.00      0.00      0.00      0.00      0.00      6.93      2.31 
4.20     0.11      1.47      4.76      0.92      0.00      0.00      0.00      0.00      0.00      0.00      0.00      7.26      1.98 
4.40     0.19      0.82      2.55      0.39      0.03      0.00      0.00      0.00      0.00      0.00      0.00      3.98      0.40 
4.60     0.33      0.78      1.86      0.19      0.00      0.00      0.00      0.00      0.00      0.00      0.00      3.16      0.36 
4.80     0.29      0.36      0.71      0.09      0.00      0.00      0.00      0.00      0.00      0.00      0.00      1.45      0.21 
5.00     0.27      0.36      1.03      0.14      0.00      0.00      0.00      0.00      0.00      0.00      0.00      1.80      0.21 
5.20     0.25      0.41      1.05      0.07      0.00      0.00      0.00      0.00      0.00      0.00      0.00      1.78      0.09 
5.40     0.27      0.32      0.60      0.02      0.00      0.00      0.00      0.00      0.00      0.00      0.00      1.21      0.11 
5.60     0.19      0.09      0.11      0.00      0.00      0.00      0.00      0.00      0.00      0.00      0.00      0.39      0.00 
5.80     0.16      0.07      0.04      0.00      0.00      0.00      0.00      0.00      0.00      0.00      0.00      0.27      0.00 
6.00     0.15      0.04      0.13      0.00      0.00      0.00      0.00      0.00      0.00      0.00      0.00      0.32      0.00 
6.20     0.08      0.01      0.06      0.00      0.00      0.00      0.00      0.00      0.00      0.00      0.00      0.15      0.00 
6.40     0.11      0.08      0.17      0.00      0.00      0.00      0.00      0.00      0.00      0.00      0.00      0.36      0.03 
6.60     0.11      0.00      0.00      0.00      0.00      0.00      0.00      0.00      0.00      0.00      0.00      0.11      0.00 
6.80     0.04      0.00      0.00      0.00      0.00      0.00      0.00      0.00      0.00      0.00      0.00      0.04      0.00 
7.00     0.07      0.00      0.00      0.00      0.00      0.00      0.00      0.00      0.00      0.00      0.00      0.07      0.00 
7.20     0.02      0.00      0.00      0.00      0.00      0.00      0.00      0.00      0.00      0.00      0.00      0.02      0.00 
7.40     0.03      0.00      0.00      0.00      0.00      0.00      0.00      0.00      0.00      0.00      0.00      0.03      0.00 
7.60     0.01      0.00      0.00      0.00      0.00      0.00      0.00      0.00      0.00      0.00      0.00      0.01      0.00 
7.80     0.00      0.00      0.00      0.00      0.00      0.00      0.00      0.00      0.00      0.00      0.00      0.00      0.00 
8.00     0.02      0.00      0.00      0.00      0.00      0.00      0.00      0.00      0.00      0.00      0.00      0.02      0.00 
