.20     0.00      0.01      1.73     19.74     84.92    211.12    349.71    400.88    289.19     71.39      0.32   1429.01 
.40     0.00      0.01      3.62     44.72    189.49    444.08    681.66    709.11    454.73     99.48      0.42   2627.32 
.60     0.00      0.00      5.82     70.84    289.61    645.61    929.91    893.39    521.79    101.53      0.58   3459.08 
.80     0.00      0.07     10.16    109.69    414.98    853.21   1119.90    982.66    526.72     93.39      0.38   4111.16 
1.00     0.00      0.14     16.01    160.61    564.43   1071.98   1289.04   1034.64    507.68     84.17      0.42   4729.12 
1.20     0.00      0.21     21.63    203.44    658.76   1149.87   1272.02    941.35    427.94     66.92      0.36   4742.50 
1.40     0.00      0.52     36.01    279.61    792.64   1233.81   1236.15    835.10    352.62     50.61      0.16   4817.23 
1.60     0.00      1.05     47.18    331.40    867.65   1266.01   1196.21    765.01    307.92     42.12      0.12   4824.67 
1.80     0.00      1.95     66.89    400.83    926.72   1215.41   1060.77    643.14    248.29     34.22      0.26   4598.48 
2.00     0.00      3.07     92.27    485.50   1020.71   1246.11   1024.72    594.50    222.94     29.79      0.20   4719.81 
2.20     0.00      4.79    117.94    542.31   1023.70   1129.85    848.03    450.33    155.03     18.40      0.00   4290.38 
2.40     0.00      7.79    133.54    513.78    872.17    907.09    660.68    349.81    120.90     15.18      0.08   3581.02 
2.60     0.00     12.95    188.59    642.97    992.41    958.88    665.45    339.66    117.02     15.05      0.20   3933.18 
2.80     0.00     12.42    161.60    509.52    739.66    681.63    452.98    222.26     72.38      8.39      0.08   2860.92 
3.00     0.00     18.49    190.81    521.52    699.71    613.90    393.58    187.85     59.96      7.18      0.06   2693.06 
3.20     0.00     21.02    202.87    525.16    677.99    579.60    364.08    168.38     52.10      5.87      0.02   2597.09 
3.40     0.03     22.45    182.66    428.78    526.36    435.14    271.38    128.49     41.65      5.63      0.14   2042.71 
3.60     0.06     27.22    194.00    414.98    467.58    356.73    200.85     84.97     23.78      2.30      0.00   1772.47 
3.80     0.13     30.93    191.68    388.97    432.05    331.43    189.14     78.84     20.77      2.08      0.00   1666.02 
4.00     0.20     29.86    168.36    312.86    326.66    239.79    134.50     57.39     16.59      1.72      0.00   1287.93 
4.20     0.11     23.56    137.46    258.43    270.05    195.81    106.77     43.18     11.72      1.19      0.00   1048.28 
4.40     0.19     18.67     88.51    146.43    143.16    102.02     55.62     23.27      6.76      0.72      0.00    585.35 
4.60     0.33     21.29     94.29    149.89    139.82     94.42     49.13     19.68      5.52      0.53      0.00    574.90 
4.80     0.29     16.43     69.95    109.04    100.93     68.29     36.11     14.77      4.07      0.43      0.00    420.31 
5.00     0.27     14.54     61.83     97.55     89.82     59.75     30.63     11.87      2.96      0.25      0.00    369.47 
5.20     0.25     13.90     56.65     86.28     79.40     54.21     29.72     12.71      3.83      0.41      0.00    337.36 
5.40     0.27     13.65     55.63     86.09     81.17     56.47     31.46     13.84      4.13      0.40      0.00    343.11 
5.60     0.19      7.86     29.31     42.37     38.13     25.86     13.74      5.57      1.53      0.15      0.00    164.71 
5.80     0.16      6.23     23.21     32.87     28.21     18.69     10.45      4.87      1.60      0.17      0.00    126.46 
6.00     0.15      5.72     20.85     29.18     24.12     14.63      6.91      2.44      0.55      0.05      0.00    104.60 
6.20     0.08      2.88     10.52     14.44     11.48      6.93      3.63      1.64      0.52      0.07      0.00     52.19 
6.40     0.11      4.80     18.77     28.41     25.71     16.10      7.97      3.08      0.79      0.07      0.00    105.81 
6.60     0.11      3.94     14.76     22.66     20.21     12.70      5.96      2.15      0.64      0.07      0.00     83.20 
6.80     0.04      1.39      5.39      8.09      7.15      4.58      2.33      0.98      0.30      0.03      0.00     30.28 
7.00     0.07      2.51      8.94     12.43     11.10      7.69      4.42      2.04      0.69      0.08      0.00     49.97 
7.20     0.02      0.71      2.46      3.09      2.29      1.19      0.46      0.14      0.03      0.00      0.00     10.39 
7.40     0.03      1.03      3.87      5.16      4.83      3.52      2.17      1.12      0.46      0.05      0.00     22.24 
7.60     0.01      0.39      1.46      2.21      1.84      1.10      0.50      0.15      0.02      0.00      0.00      7.68 
7.80     0.00      0.00      0.00      0.00      0.00      0.00      0.00      0.00      0.00      0.00      0.00      0.00 
8.00     0.02      0.70      2.40      3.32      2.50      1.22      0.36      0.06      0.02      0.00      0.00     10.60 
