.20     0.00      0.00      0.01      1.75      0.99      1.01      1.01      0.73      1.16      0.01      0.02      6.69 
.40     0.00      0.00      0.01      3.98      5.00      1.84      0.82      0.87      0.41      0.05      0.00     12.98 
.60     0.00      0.00      0.00      7.24      6.24      4.34      2.06      1.07      0.88      0.03      0.00     21.86 
.80     0.00      0.00      0.11     10.13     11.93      5.57      2.67      1.40      0.81      0.15      0.00     32.77 
1.00     0.00      0.00      0.36     15.03     19.01      6.90      4.03      1.25      1.00      0.04      0.00     47.62 
1.20     0.00      0.00      0.35     21.06     21.70      9.12      2.48      1.12      0.26      0.00      0.00     56.09 
1.40     0.00      0.00      1.18     28.55     22.40      6.89      2.09      0.56      0.08      0.04      0.00     61.79 
1.60     0.00      0.00      1.89     34.24     26.36      7.46      1.62      0.46      0.04      0.00      0.00     72.07 
1.80     0.00      0.02      4.13     36.71     21.49      4.81      1.22      0.17      0.02      0.00      0.00     68.57 
2.00     0.00      0.04      6.17     44.38     18.60      3.46      0.87      0.15      0.04      0.00      0.00     73.71 
2.20     0.00      0.04      9.38     47.17     12.45      1.57      0.30      0.05      0.00      0.00      0.00     70.96 
2.40     0.00      0.42     10.72     39.05      9.05      1.05      0.25      0.07      0.02      0.00      0.00     60.63 
2.60     0.00      0.68     16.84     40.31      4.35      0.30      0.03      0.00      0.00      0.00      0.00     62.51 
2.80     0.00      0.48     17.73     27.25      3.76      0.65      0.06      0.02      0.00      0.00      0.00     49.95 
3.00     0.00      1.38     18.95     19.66      2.09      0.12      0.01      0.00      0.00      0.00      0.00     42.21 
3.20     0.00      1.78     21.58     13.15      0.76      0.06      0.01      0.00      0.00      0.00      0.00     37.34 
3.40     0.03      2.24     15.62     12.78      0.46      0.00      0.00      0.00      0.00      0.00      0.00     31.13 
3.60     0.06      3.00     15.66      6.05      0.10      0.00      0.00      0.00      0.00      0.00      0.00     24.87 
3.80     0.13      3.00     11.78      3.73      0.20      0.02      0.00      0.00      0.00      0.00      0.00     18.86 
4.00     0.20      2.78      8.89      2.05      0.01      0.00      0.00      0.00      0.00      0.00      0.00     13.93 
4.20     0.11      2.94      8.73      1.77      0.00      0.00      0.00      0.00      0.00      0.00      0.00     13.55 
4.40     0.19      1.64      3.75      0.52      0.05      0.00      0.00      0.00      0.00      0.00      0.00      6.15 
4.60     0.33      1.56      2.52      0.24      0.00      0.00      0.00      0.00      0.00      0.00      0.00      4.65 
4.80     0.29      0.72      1.02      0.13      0.00      0.00      0.00      0.00      0.00      0.00      0.00      2.16 
5.00     0.27      0.72      1.61      0.14      0.00      0.00      0.00      0.00      0.00      0.00      0.00      2.74 
5.20     0.25      0.82      1.24      0.14      0.00      0.00      0.00      0.00      0.00      0.00      0.00      2.45 
5.40     0.27      0.64      0.81      0.02      0.00      0.00      0.00      0.00      0.00      0.00      0.00      1.74 
5.60     0.19      0.18      0.11      0.00      0.00      0.00      0.00      0.00      0.00      0.00      0.00      0.48 
5.80     0.16      0.14      0.04      0.00      0.00      0.00      0.00      0.00      0.00      0.00      0.00      0.34 
6.00     0.15      0.08      0.13      0.00      0.00      0.00      0.00      0.00      0.00      0.00      0.00      0.36 
6.20     0.08      0.02      0.06      0.00      0.00      0.00      0.00      0.00      0.00      0.00      0.00      0.16 
6.40     0.11      0.16      0.22      0.00      0.00      0.00      0.00      0.00      0.00      0.00      0.00      0.49 
6.60     0.11      0.00      0.00      0.00      0.00      0.00      0.00      0.00      0.00      0.00      0.00      0.11 
6.80     0.04      0.00      0.00      0.00      0.00      0.00      0.00      0.00      0.00      0.00      0.00      0.04 
7.00     0.07      0.00      0.00      0.00      0.00      0.00      0.00      0.00      0.00      0.00      0.00      0.07 
7.20     0.02      0.00      0.00      0.00      0.00      0.00      0.00      0.00      0.00      0.00      0.00      0.02 
7.40     0.03      0.00      0.00      0.00      0.00      0.00      0.00      0.00      0.00      0.00      0.00      0.03 
7.60     0.01      0.00      0.00      0.00      0.00      0.00      0.00      0.00      0.00      0.00      0.00      0.01 
7.80     0.00      0.00      0.00      0.00      0.00      0.00      0.00      0.00      0.00      0.00      0.00      0.00 
8.00     0.02      0.00      0.00      0.00      0.00      0.00      0.00      0.00      0.00      0.00      0.00      0.02 
