.20     0.00      0.00      0.00      0.02      0.38      2.18      5.60     10.40     16.34     23.13     28.73     30.50     28.35     20.43      9.81      1.41    177.28 
.40     0.00      0.00      0.00      0.04      0.78      5.34     17.46     42.58     90.75    157.11    221.42    265.43    264.33    208.60    111.45     16.97   1402.26 
.60     0.00      0.00      0.00      0.06      0.88      4.99     15.77     35.89     64.96    101.32    137.34    159.04    155.18    121.46     63.93      9.83    870.65 
.80     0.00      0.00      0.00      0.08      1.37      7.63     21.84     46.92     89.34    151.77    223.38    283.09    306.98    267.97    147.08     23.02   1570.47 
1.00     0.00      0.00      0.00      0.03      0.55      3.89     11.04     24.29     45.82     75.18    107.65    135.05    148.49    138.89     95.93     15.14    801.95 
1.20     0.00      0.00      0.00      0.11      1.78      9.22     27.90     61.88    114.96    185.49    262.59    322.55    337.71    286.39    165.85     26.60   1803.03 
1.40     0.00      0.00      0.00      0.07      1.20      7.58     27.83     73.76    155.03    265.80    378.67    469.53    490.39    411.60    227.69     34.82   2543.97 
1.60     0.00      0.00      0.00      0.19      3.08     17.21     61.32    157.12    325.72    537.71    754.61    925.05    964.07    785.94    429.02     62.18   5023.22 
1.80     0.00      0.00      0.00      0.19      3.09     18.19     58.94    143.01    290.44    509.52    754.46    958.03   1022.32    869.67    519.56     75.47   5222.89 
2.00     0.00      0.00      0.00      0.22      3.48     18.21     62.00    156.69    307.06    507.60    738.19    925.90    974.31    820.78    477.08     71.61   5063.13 
2.20     0.00      0.00      0.00      0.32      5.08     25.60     81.59    204.42    409.95    682.91    970.82   1200.49   1277.47   1104.76    647.66     95.74   6706.81 
2.40     0.00      0.00      0.00      0.20      3.17     16.49     57.30    148.39    295.05    486.29    691.69    839.64    862.39    713.96    403.30     62.95   4580.82 
2.60     0.00      0.00      0.00      0.31      5.40     32.69    110.34    261.50    493.76    808.50   1156.99   1419.62   1469.04   1213.72    655.67     98.96   7726.50 
2.80     0.00      0.00      0.00      0.36      6.08     35.78    123.79    306.37    595.20    976.97   1387.66   1702.99   1771.14   1478.16    857.15    133.44   9375.09 
3.00     0.00      0.00      0.00      0.32      5.25     29.60     97.35    239.68    464.61    761.92   1088.36   1364.65   1494.85   1356.87    865.01    145.96   7914.43 
3.20     0.00      0.00      0.00      0.35      5.93     35.32    122.72    315.61    652.94   1156.06   1836.34   2603.86   3132.24   2941.67   1811.49    288.21  14902.74 
3.40     0.00      0.00      0.00      0.42      8.21     58.41    252.27    796.06   1991.81   4048.73   6719.56   9031.73   9641.50   7766.44   4035.67    528.71  44879.52 
3.60     0.00      0.00      0.00      0.84     22.70    207.09   1028.41   3236.59   7222.24  12175.88  16043.99  16793.25  13905.63   8717.88   3550.72    375.59  83280.81 
3.80     0.00      0.03      2.64     66.73    657.55   2757.20   7120.56  13013.27  18264.79  20593.36  19174.56  14902.41   9580.20   4861.26   1669.86    153.20  112817.62 
4.00     0.01      0.97     33.64    435.92   2494.59   6519.35  11023.00  13929.94  14123.26  11983.78   8727.83   5502.60   2948.79   1258.59    362.94     29.41  79374.62 
4.20     0.18      6.38     91.37    602.04   2055.35   3571.32   4334.51   4192.31   3419.26   2433.60   1529.21    846.91    403.13    154.04     39.76      3.01  23682.38 
4.40     0.12      2.50     22.78    106.36    284.97    428.35    484.04    446.63    363.80    262.85    168.06     92.37     42.28     14.17      2.52      0.15   2721.95 
4.60     0.02      0.37      3.12     13.12     30.77     38.88     35.79     25.89     15.47      7.78      3.28      1.06      0.21      0.00      0.00      0.00    175.76 
4.80     0.01      0.16      1.19      4.12      8.09      9.77      9.58      7.86      5.53      3.50      1.99      1.05      0.48      0.16      0.03      0.00     53.52 
5.00     0.00      0.00      0.00      0.00      0.00      0.00      0.00      0.00      0.00      0.00      0.00      0.00      0.00      0.00      0.00      0.00      0.00 
5.20     0.00      0.00      0.00      0.00      0.00      0.00      0.00      0.00      0.00      0.00      0.00      0.00      0.00      0.00      0.00      0.00      0.00 
5.40     0.00      0.00      0.00      0.00      0.00      0.00      0.00      0.00      0.00      0.00      0.00      0.00      0.00      0.00      0.00      0.00      0.00 
5.60     0.00      0.00      0.00      0.00      0.00      0.00      0.00      0.00      0.00      0.00      0.00      0.00      0.00      0.00      0.00      0.00      0.00 
5.80     0.00      0.00      0.00      0.00      0.00      0.00      0.00      0.00      0.00      0.00      0.00      0.00      0.00      0.00      0.00      0.00      0.00 
6.00     0.00      0.00      0.00      0.00      0.00      0.00      0.00      0.00      0.00      0.00      0.00      0.00      0.00      0.00      0.00      0.00      0.00 
6.20     0.00      0.00      0.00      0.00      0.00      0.00      0.00      0.00      0.00      0.00      0.00      0.00      0.00      0.00      0.00      0.00      0.00 
6.40     0.00      0.00      0.00      0.00      0.00      0.00      0.00      0.00      0.00      0.00      0.00      0.00      0.00      0.00      0.00      0.00      0.00 
6.60     0.00      0.00      0.00      0.00      0.00      0.00      0.00      0.00      0.00      0.00      0.00      0.00      0.00      0.00      0.00      0.00      0.00 
6.80     0.00      0.00      0.00      0.00      0.00      0.00      0.00      0.00      0.00      0.00      0.00      0.00      0.00      0.00      0.00      0.00      0.00 
7.00     0.00      0.00      0.00      0.00      0.00      0.00      0.00      0.00      0.00      0.00      0.00      0.00      0.00      0.00      0.00      0.00      0.00 
7.20     0.00      0.00      0.00      0.00      0.00      0.00      0.00      0.00      0.00      0.00      0.00      0.00      0.00      0.00      0.00      0.00      0.00 
7.40     0.00      0.00      0.00      0.00      0.00      0.00      0.00      0.00      0.00      0.00      0.00      0.00      0.00      0.00      0.00      0.00      0.00 
7.60     0.00      0.00      0.00      0.00      0.00      0.00      0.00      0.00      0.00      0.00      0.00      0.00      0.00      0.00      0.00      0.00      0.00 
7.80     0.00      0.00      0.00      0.00      0.00      0.00      0.00      0.00      0.00      0.00      0.00      0.00      0.00      0.00      0.00      0.00      0.00 
8.00     0.00      0.00      0.00      0.00      0.00      0.00      0.00      0.00      0.00      0.00      0.00      0.00      0.00      0.00      0.00      0.00      0.00 
