.20     0.00      0.00      0.00      0.02      0.00      0.00      0.00      0.00      0.00      0.00      0.00      0.00      0.00      0.00      0.00      0.00      0.02      0.00 
.40     0.00      0.00      0.00      0.04      0.00      0.04      0.00      0.00      0.00      0.00      0.00      0.00      0.00      0.00      0.00      0.00      0.08      0.00 
.60     0.00      0.00      0.00      0.06      0.00      0.00      0.00      0.00      0.00      0.00      0.00      0.00      0.00      0.00      0.00      0.00      0.06      0.00 
.80     0.00      0.00      0.00      0.08      0.00      0.03      0.07      0.00      0.01      0.00      0.00      0.00      0.00      0.00      0.00      0.00      0.19      0.00 
1.00     0.00      0.00      0.00      0.03      0.02      0.06      0.01      0.00      0.00      0.01      0.00      0.00      0.00      0.00      0.00      0.00      0.13      0.00 
1.20     0.00      0.00      0.00      0.11      0.02      0.03      0.01      0.03      0.00      0.05      0.04      0.00      0.00      0.00      0.00      0.00      0.29      0.00 
1.40     0.00      0.00      0.00      0.07      0.07      0.02      0.00      0.23      0.00      0.00      0.00      0.00      0.00      0.00      0.00      0.00      0.39      0.04 
1.60     0.00      0.00      0.00      0.19      0.06      0.05      0.10      0.01      0.12      0.01      0.00      0.00      0.00      0.00      0.00      0.00      0.54      0.09 
1.80     0.00      0.00      0.00      0.19      0.05      0.18      0.03      0.19      0.00      0.00      0.08      0.00      0.01      0.00      0.00      0.00      0.73      0.14 
2.00     0.00      0.00      0.00      0.22      0.06      0.06      0.24      0.00      0.05      0.00      0.03      0.00      0.01      0.04      0.00      0.00      0.71      0.07 
2.20     0.00      0.00      0.00      0.31      0.04      0.06      0.17      0.30      0.49      0.46      0.15      0.33      0.00      0.00      0.02      0.00      2.33      0.18 
2.40     0.00      0.00      0.00      0.20      0.08      0.04      0.04      0.16      0.11      0.25      0.39      0.12      0.05      0.03      0.03      0.00      1.50      0.14 
2.60     0.00      0.00      0.00      0.30      0.08      0.10      0.14      0.20      0.04      0.12      0.32      0.18      0.20      0.17      0.04      0.01      1.90      0.11 
2.80     0.00      0.00      0.00      0.36      0.15      0.11      0.20      0.15      0.27      1.34      0.78      2.16      2.37      2.48      0.91      0.05     11.33      0.90 
3.00     0.00      0.00      0.00      0.32      0.22      0.11      0.35      0.48      1.04      1.92      3.90      7.59     10.80      8.86      3.32      0.15     39.06      6.01 
3.20     0.00      0.00      0.00      0.35      0.16      0.30      0.44      2.03      8.60     21.06     34.97     44.80     40.54     23.80      6.93      0.11    184.09     38.98 
3.40     0.00      0.00      0.00      0.42      0.96      4.15     14.05     35.66     63.64     89.47     95.45     79.87     49.48     21.26      4.05      0.01    458.47    137.08 
3.60     0.00      0.00      0.00      0.71      5.19     23.22     53.70     84.23     96.16     90.47     68.12     38.37     17.44      5.96      0.84      0.00    484.41    198.88 
3.80     0.00      0.03      0.96      9.69     31.95     52.10     59.63     52.05     36.09     22.13     11.54      5.44      1.61      0.42      0.09      0.00    283.73    165.90 
4.00     0.01      0.68      7.23     19.07     21.82     16.45      9.97      6.31      3.06      1.74      0.68      0.19      0.08      0.00      0.00      0.00     87.29     54.86 
4.20     0.18      2.04      4.30      3.32      1.87      0.66      0.38      0.17      0.05      0.02      0.01      0.00      0.00      0.00      0.00      0.00     13.00      5.52 
4.40     0.12      0.25      0.00      0.00      0.00      0.00      0.00      0.00      0.00      0.00      0.00      0.00      0.00      0.00      0.00      0.00      0.37      0.00 
4.60     0.02      0.00      0.00      0.00      0.00      0.00      0.00      0.00      0.00      0.00      0.00      0.00      0.00      0.00      0.00      0.00      0.02      0.00 
4.80     0.01      0.00      0.00      0.00      0.00      0.00      0.00      0.00      0.00      0.00      0.00      0.00      0.00      0.00      0.00      0.00      0.01      0.00 
5.00     0.00      0.00      0.00      0.00      0.00      0.00      0.00      0.00      0.00      0.00      0.00      0.00      0.00      0.00      0.00      0.00      0.00      0.00 
5.20     0.00      0.00      0.00      0.00      0.00      0.00      0.00      0.00      0.00      0.00      0.00      0.00      0.00      0.00      0.00      0.00      0.00      0.00 
5.40     0.00      0.00      0.00      0.00      0.00      0.00      0.00      0.00      0.00      0.00      0.00      0.00      0.00      0.00      0.00      0.00      0.00      0.00 
5.60     0.00      0.00      0.00      0.00      0.00      0.00      0.00      0.00      0.00      0.00      0.00      0.00      0.00      0.00      0.00      0.00      0.00      0.00 
5.80     0.00      0.00      0.00      0.00      0.00      0.00      0.00      0.00      0.00      0.00      0.00      0.00      0.00      0.00      0.00      0.00      0.00      0.00 
6.00     0.00      0.00      0.00      0.00      0.00      0.00      0.00      0.00      0.00      0.00      0.00      0.00      0.00      0.00      0.00      0.00      0.00      0.00 
6.20     0.00      0.00      0.00      0.00      0.00      0.00      0.00      0.00      0.00      0.00      0.00      0.00      0.00      0.00      0.00      0.00      0.00      0.00 
6.40     0.00      0.00      0.00      0.00      0.00      0.00      0.00      0.00      0.00      0.00      0.00      0.00      0.00      0.00      0.00      0.00      0.00      0.00 
6.60     0.00      0.00      0.00      0.00      0.00      0.00      0.00      0.00      0.00      0.00      0.00      0.00      0.00      0.00      0.00      0.00      0.00      0.00 
6.80     0.00      0.00      0.00      0.00      0.00      0.00      0.00      0.00      0.00      0.00      0.00      0.00      0.00      0.00      0.00      0.00      0.00      0.00 
7.00     0.00      0.00      0.00      0.00      0.00      0.00      0.00      0.00      0.00      0.00      0.00      0.00      0.00      0.00      0.00      0.00      0.00      0.00 
7.20     0.00      0.00      0.00      0.00      0.00      0.00      0.00      0.00      0.00      0.00      0.00      0.00      0.00      0.00      0.00      0.00      0.00      0.00 
7.40     0.00      0.00      0.00      0.00      0.00      0.00      0.00      0.00      0.00      0.00      0.00      0.00      0.00      0.00      0.00      0.00      0.00      0.00 
7.60     0.00      0.00      0.00      0.00      0.00      0.00      0.00      0.00      0.00      0.00      0.00      0.00      0.00      0.00      0.00      0.00      0.00      0.00 
7.80     0.00      0.00      0.00      0.00      0.00      0.00      0.00      0.00      0.00      0.00      0.00      0.00      0.00      0.00      0.00      0.00      0.00      0.00 
8.00     0.00      0.00      0.00      0.00      0.00      0.00      0.00      0.00      0.00      0.00      0.00      0.00      0.00      0.00      0.00      0.00      0.00      0.00 
