.20     0.00      0.00      0.00      0.02      0.00      0.00      0.00      0.00      0.00      0.00      0.00      0.00      0.00      0.00      0.00      0.00      0.02 
.40     0.00      0.00      0.00      0.04      0.00      0.04      0.08      0.00      0.00      0.00      0.00      0.00      0.00      0.00      0.00      0.00      0.16 
.60     0.00      0.00      0.00      0.06      0.00      0.00      0.00      0.00      0.00      0.00      0.00      0.00      0.00      0.00      0.00      0.00      0.06 
.80     0.00      0.00      0.00      0.08      0.00      0.03      0.07      0.07      0.01      0.00      0.00      0.00      0.00      0.00      0.00      0.00      0.26 
1.00     0.00      0.00      0.00      0.03      0.02      0.06      0.01      0.00      0.00      0.58      0.00      0.00      0.00      0.00      0.00      0.00      0.70 
1.20     0.00      0.00      0.00      0.11      0.04      0.04      0.01      0.03      0.00      0.14      0.20      0.00      0.00      0.00      0.00      0.00      0.57 
1.40     0.00      0.00      0.00      0.07      0.07      0.02      0.00      0.48      0.16      0.00      0.00      0.28      0.00      0.00      0.00      0.00      1.08 
1.60     0.00      0.00      0.00      0.19      0.07      0.05      0.22      0.09      0.20      0.08      0.14      0.00      0.00      0.17      0.00      0.00      1.21 
1.80     0.00      0.00      0.00      0.19      0.05      0.18      0.15      0.50      0.07      0.00      0.08      1.64      0.04      3.40      0.00      0.00      6.30 
2.00     0.00      0.00      0.00      0.22      0.06      0.06      0.32      0.03      0.67      0.00      0.03      0.00      0.01      0.50      0.00      0.00      1.90 
2.20     0.00      0.00      0.00      0.32      0.04      0.07      0.21      0.31      0.68      1.63      0.36      0.50      0.07      0.50      0.02      0.00      4.71 
2.40     0.00      0.00      0.00      0.20      0.10      0.04      0.04      0.19      0.11      0.29      0.69      0.74      0.31      0.04      0.04      0.00      2.79 
2.60     0.00      0.00      0.00      0.31      0.09      0.10      0.20      0.36      0.26      0.15      0.33      1.68      0.75      0.20      1.97      0.01      6.41 
2.80     0.00      0.00      0.00      0.36      0.16      0.12      0.23      0.37      0.50      1.41      1.12      2.72      3.03      3.99      1.99      0.05     16.05 
3.00     0.00      0.00      0.00      0.32      0.23      0.13      0.36      0.85      1.27      2.69      6.13     10.43     15.73     15.75      8.04      0.15     62.08 
3.20     0.00      0.00      0.00      0.35      0.16      0.36      0.49      2.93     12.24     31.93     55.63     77.22     76.24     52.76     22.42      0.11    332.84 
3.40     0.00      0.00      0.00      0.42      1.49      7.58     25.33     64.32    119.24    169.08    187.93    167.25    114.92     60.95     16.36      0.01    934.88 
3.60     0.00      0.00      0.00      0.84      9.55     52.44    127.16    200.89    227.84    206.85    157.96     93.46     46.34     17.03      3.12      0.00   1143.48 
3.80     0.00      0.03      1.80     24.60     92.48    153.60    174.05    148.78    101.53     59.24     30.12     14.30      5.82      1.53      0.39      0.00    808.27 
4.00     0.01      0.68     13.63     54.30     67.46     45.35     28.42     15.50      7.78      3.79      1.67      0.60      0.22      0.01      0.00      0.00    239.42 
4.20     0.18      2.04      7.44      7.82      4.54      1.67      0.85      0.50      0.18      0.04      0.02      0.00      0.00      0.00      0.00      0.00     25.28 
4.40     0.12      0.25      0.00      0.00      0.00      0.00      0.00      0.00      0.00      0.00      0.00      0.00      0.00      0.00      0.00      0.00      0.37 
4.60     0.02      0.00      0.00      0.00      0.00      0.00      0.00      0.00      0.00      0.00      0.00      0.00      0.00      0.00      0.00      0.00      0.02 
4.80     0.01      0.00      0.00      0.00      0.00      0.00      0.00      0.00      0.00      0.00      0.00      0.00      0.00      0.00      0.00      0.00      0.01 
5.00     0.00      0.00      0.00      0.00      0.00      0.00      0.00      0.00      0.00      0.00      0.00      0.00      0.00      0.00      0.00      0.00      0.00 
5.20     0.00      0.00      0.00      0.00      0.00      0.00      0.00      0.00      0.00      0.00      0.00      0.00      0.00      0.00      0.00      0.00      0.00 
5.40     0.00      0.00      0.00      0.00      0.00      0.00      0.00      0.00      0.00      0.00      0.00      0.00      0.00      0.00      0.00      0.00      0.00 
5.60     0.00      0.00      0.00      0.00      0.00      0.00      0.00      0.00      0.00      0.00      0.00      0.00      0.00      0.00      0.00      0.00      0.00 
5.80     0.00      0.00      0.00      0.00      0.00      0.00      0.00      0.00      0.00      0.00      0.00      0.00      0.00      0.00      0.00      0.00      0.00 
6.00     0.00      0.00      0.00      0.00      0.00      0.00      0.00      0.00      0.00      0.00      0.00      0.00      0.00      0.00      0.00      0.00      0.00 
6.20     0.00      0.00      0.00      0.00      0.00      0.00      0.00      0.00      0.00      0.00      0.00      0.00      0.00      0.00      0.00      0.00      0.00 
6.40     0.00      0.00      0.00      0.00      0.00      0.00      0.00      0.00      0.00      0.00      0.00      0.00      0.00      0.00      0.00      0.00      0.00 
6.60     0.00      0.00      0.00      0.00      0.00      0.00      0.00      0.00      0.00      0.00      0.00      0.00      0.00      0.00      0.00      0.00      0.00 
6.80     0.00      0.00      0.00      0.00      0.00      0.00      0.00      0.00      0.00      0.00      0.00      0.00      0.00      0.00      0.00      0.00      0.00 
7.00     0.00      0.00      0.00      0.00      0.00      0.00      0.00      0.00      0.00      0.00      0.00      0.00      0.00      0.00      0.00      0.00      0.00 
7.20     0.00      0.00      0.00      0.00      0.00      0.00      0.00      0.00      0.00      0.00      0.00      0.00      0.00      0.00      0.00      0.00      0.00 
7.40     0.00      0.00      0.00      0.00      0.00      0.00      0.00      0.00      0.00      0.00      0.00      0.00      0.00      0.00      0.00      0.00      0.00 
7.60     0.00      0.00      0.00      0.00      0.00      0.00      0.00      0.00      0.00      0.00      0.00      0.00      0.00      0.00      0.00      0.00      0.00 
7.80     0.00      0.00      0.00      0.00      0.00      0.00      0.00      0.00      0.00      0.00      0.00      0.00      0.00      0.00      0.00      0.00      0.00 
8.00     0.00      0.00      0.00      0.00      0.00      0.00      0.00      0.00      0.00      0.00      0.00      0.00      0.00      0.00      0.00      0.00      0.00 
