.10     0.00      0.00      0.24      0.00      0.00      0.00      0.00      0.00      0.00      0.00      0.00      0.24 
.20     0.00      0.00      0.53      0.00      0.00      0.00      0.00      0.00      0.00      0.00      0.00      0.53 
.30     0.00      0.00      0.97      0.00      0.00      0.00      0.00      0.00      0.00      0.00      0.00      0.97 
.40     0.00      0.07      1.35      0.00      0.00      0.00      0.00      0.00      0.00      0.00      0.00      1.42 
.50     0.00      0.14      1.85      0.00      0.00      0.00      0.00      0.00      0.00      0.00      0.00      1.99 
.60     0.01      0.20      2.37      0.00      0.00      0.00      0.00      0.00      0.00      0.00      0.00      2.58 
.70     0.00      0.27      2.71      0.00      0.00      0.00      0.00      0.00      0.00      0.00      0.00      2.98 
.80     0.00      0.59      3.55      0.00      0.00      0.00      0.00      0.00      0.00      0.00      0.00      4.14 
.90     0.02      0.60      4.64      0.00      0.00      0.00      0.00      0.00      0.00      0.00      0.00      5.26 
1.00     0.03      1.03      4.08      0.00      0.00      0.00      0.00      0.00      0.00      0.00      0.00      5.14 
1.10     0.05      1.09      4.80      0.00      0.00      0.00      0.00      0.00      0.00      0.00      0.00      5.94 
1.20     0.14      1.68      2.66      0.00      0.00      0.00      0.00      0.00      0.00      0.00      0.00      4.48 
1.30     0.16      2.00      2.05      0.00      0.00      0.00      0.00      0.00      0.00      0.00      0.00      4.21 
1.40     0.18      1.74      1.46      0.00      0.00      0.00      0.00      0.00      0.00      0.00      0.00      3.38 
1.50     0.21      0.60      0.82      0.00      0.00      0.00      0.00      0.00      0.00      0.00      0.00      1.63 
1.60     0.32      0.54      0.47      0.00      0.00      0.00      0.00      0.00      0.00      0.00      0.00      1.33 
1.70     0.20      0.34      0.14      0.00      0.00      0.00      0.00      0.00      0.00      0.00      0.00      0.68 
1.80     0.23      0.44      0.09      0.00      0.00      0.00      0.00      0.00      0.00      0.00      0.00      0.76 
1.90     0.18      0.11      0.00      0.00      0.00      0.00      0.00      0.00      0.00      0.00      0.00      0.29 
2.00     0.02      0.01      0.02      0.00      0.00      0.00      0.00      0.00      0.00      0.00      0.00      0.05 
2.10     0.09      0.00      0.00      0.00      0.00      0.00      0.00      0.00      0.00      0.00      0.00      0.09 
2.20     0.01      0.00      0.00      0.00      0.00      0.00      0.00      0.00      0.00      0.00      0.00      0.01 
2.30     0.00      0.00      0.00      0.00      0.00      0.00      0.00      0.00      0.00      0.00      0.00      0.00 
2.40     0.00      0.00      0.00      0.00      0.00      0.00      0.00      0.00      0.00      0.00      0.00      0.00 
2.50     0.00      0.00      0.00      0.00      0.00      0.00      0.00      0.00      0.00      0.00      0.00      0.00 
2.60     0.00      0.00      0.00      0.00      0.00      0.00      0.00      0.00      0.00      0.00      0.00      0.00 
2.70     0.00      0.00      0.00      0.00      0.00      0.00      0.00      0.00      0.00      0.00      0.00      0.00 
2.80     0.00      0.00      0.00      0.00      0.00      0.00      0.00      0.00      0.00      0.00      0.00      0.00 
2.90     0.00      0.00      0.00      0.00      0.00      0.00      0.00      0.00      0.00      0.00      0.00      0.00 
3.00     0.00      0.00      0.00      0.00      0.00      0.00      0.00      0.00      0.00      0.00      0.00      0.00 
