.10     0.00      0.00      0.24      3.30     18.18     52.19     98.38    136.17    139.87     95.79     22.88    567.00 
.20     0.00      0.00      0.53      7.67     42.05    118.99    222.40    301.43    302.12    201.32     46.09   1242.60 
.30     0.00      0.00      0.97     13.43     71.63    196.01    348.95    449.19    422.70    260.86     55.82   1819.56 
.40     0.00      0.07      2.58     26.91    127.01    322.39    538.76    661.97    598.87    356.37     73.06   2707.99 
.50     0.00      0.14      4.32     41.88    188.76    464.18    757.53    903.29    795.32    463.18     93.70   3712.30 
.60     0.01      0.40      7.61     63.05    260.46    600.42    947.76   1098.51    935.24    520.71     99.54   4533.71 
.70     0.00      0.27      7.28     65.06    272.46    622.90    951.75   1065.29    873.88    465.64     84.82   4409.35 
.80     0.00      0.59     13.43    105.82    401.08    842.31   1197.10   1246.32    951.88    479.79     83.53   5321.85 
.90     0.02      1.00     17.85    127.55    450.55    888.43   1184.17   1159.62    834.59    392.20     63.90   5119.88 
1.00     0.03      1.54     23.72    150.91    489.62    902.59   1135.30   1056.22    727.89    332.65     53.07   4873.54 
1.10     0.05      2.01     28.47    170.93    522.56    906.03   1082.50    954.05    616.74    258.93     38.03   4580.30 
1.20     0.14      4.14     44.94    223.39    594.85    931.13   1030.28    865.56    550.02    235.13     34.86   4514.44 
1.30     0.16      4.75     49.40    234.51    594.95    883.09    922.26    719.88    418.20    163.53     22.36   4013.09 
1.40     0.18      4.53     41.74    179.88    421.39    584.43    578.91    439.25    254.72     99.45     13.58   2618.06 
1.50     0.21      3.76     28.76    110.19    236.47    306.47    285.13    201.08    105.83     37.28      4.89   1320.07 
1.60     0.32      5.25     37.09    132.53    269.51    334.64    301.75    209.31    109.91     39.31      5.02   1444.64 
1.70     0.20      3.20     21.94     75.81    149.45    180.35    159.02    107.28     55.05     19.26      2.38    773.94 
1.80     0.23      3.35     20.34     61.81    107.37    115.75     91.66     56.53     26.24      8.19      0.88    492.35 
1.90     0.18      2.48     15.22     48.48     89.20    100.96     83.59     53.10     25.12      7.67      0.78    426.78 
2.00     0.02      0.29      1.87      6.05     11.36     13.26     11.43      7.73      4.16      1.55      0.17     57.89 
2.10     0.09      1.04      5.40     14.46     22.42     21.45     15.41      8.84      3.78      1.07      0.11     94.07 
2.20     0.01      0.12      0.64      1.82      2.92      2.62      1.54      0.67      0.18      0.02      0.00     10.54 
2.30     0.00      0.00      0.00      0.00      0.00      0.00      0.00      0.00      0.00      0.00      0.00      0.00 
2.40     0.00      0.00      0.00      0.00      0.00      0.00      0.00      0.00      0.00      0.00      0.00      0.00 
2.50     0.00      0.00      0.00      0.00      0.00      0.00      0.00      0.00      0.00      0.00      0.00      0.00 
2.60     0.00      0.00      0.00      0.00      0.00      0.00      0.00      0.00      0.00      0.00      0.00      0.00 
2.70     0.00      0.00      0.00      0.00      0.00      0.00      0.00      0.00      0.00      0.00      0.00      0.00 
2.80     0.00      0.00      0.00      0.00      0.00      0.00      0.00      0.00      0.00      0.00      0.00      0.00 
2.90     0.00      0.00      0.00      0.00      0.00      0.00      0.00      0.00      0.00      0.00      0.00      0.00 
3.00     0.00      0.00      0.00      0.00      0.00      0.00      0.00      0.00      0.00      0.00      0.00      0.00 
