.10     0.00      0.00      0.24      0.00      0.00      0.00      0.00      0.00      0.00      0.00      0.00      0.24      0.00 
.20     0.00      0.00      0.53      0.00      0.00      0.00      0.00      0.00      0.00      0.00      0.00      0.53      0.00 
.30     0.00      0.00      0.87      0.00      0.00      0.00      0.00      0.00      0.00      0.00      0.00      0.87      0.08 
.40     0.00      0.07      1.22      0.00      0.00      0.00      0.00      0.00      0.00      0.00      0.00      1.29      0.08 
.50     0.00      0.14      1.60      0.00      0.00      0.00      0.00      0.00      0.00      0.00      0.00      1.74      0.21 
.60     0.01      0.20      1.97      0.00      0.00      0.00      0.00      0.00      0.00      0.00      0.00      2.18      0.25 
.70     0.00      0.27      2.38      0.00      0.00      0.00      0.00      0.00      0.00      0.00      0.00      2.65      0.26 
.80     0.00      0.59      2.79      0.00      0.00      0.00      0.00      0.00      0.00      0.00      0.00      3.38      0.55 
.90     0.02      0.60      3.40      0.00      0.00      0.00      0.00      0.00      0.00      0.00      0.00      4.02      0.79 
1.00     0.03      1.03      3.24      0.00      0.00      0.00      0.00      0.00      0.00      0.00      0.00      4.30      0.61 
1.10     0.05      1.09      3.38      0.00      0.00      0.00      0.00      0.00      0.00      0.00      0.00      4.52      1.00 
1.20     0.14      1.68      1.91      0.00      0.00      0.00      0.00      0.00      0.00      0.00      0.00      3.73      0.55 
1.30     0.16      2.00      1.61      0.00      0.00      0.00      0.00      0.00      0.00      0.00      0.00      3.77      0.32 
1.40     0.18      1.74      0.99      0.00      0.00      0.00      0.00      0.00      0.00      0.00      0.00      2.91      0.34 
1.50     0.21      0.60      0.62      0.00      0.00      0.00      0.00      0.00      0.00      0.00      0.00      1.43      0.17 
1.60     0.32      0.54      0.31      0.00      0.00      0.00      0.00      0.00      0.00      0.00      0.00      1.17      0.12 
1.70     0.20      0.34      0.13      0.00      0.00      0.00      0.00      0.00      0.00      0.00      0.00      0.67      0.00 
1.80     0.23      0.44      0.09      0.00      0.00      0.00      0.00      0.00      0.00      0.00      0.00      0.76      0.00 
1.90     0.18      0.11      0.00      0.00      0.00      0.00      0.00      0.00      0.00      0.00      0.00      0.29      0.00 
2.00     0.02      0.01      0.02      0.00      0.00      0.00      0.00      0.00      0.00      0.00      0.00      0.05      0.00 
2.10     0.09      0.00      0.00      0.00      0.00      0.00      0.00      0.00      0.00      0.00      0.00      0.09      0.00 
2.20     0.01      0.00      0.00      0.00      0.00      0.00      0.00      0.00      0.00      0.00      0.00      0.01      0.00 
2.30     0.00      0.00      0.00      0.00      0.00      0.00      0.00      0.00      0.00      0.00      0.00      0.00      0.00 
2.40     0.00      0.00      0.00      0.00      0.00      0.00      0.00      0.00      0.00      0.00      0.00      0.00      0.00 
2.50     0.00      0.00      0.00      0.00      0.00      0.00      0.00      0.00      0.00      0.00      0.00      0.00      0.00 
2.60     0.00      0.00      0.00      0.00      0.00      0.00      0.00      0.00      0.00      0.00      0.00      0.00      0.00 
2.70     0.00      0.00      0.00      0.00      0.00      0.00      0.00      0.00      0.00      0.00      0.00      0.00      0.00 
2.80     0.00      0.00      0.00      0.00      0.00      0.00      0.00      0.00      0.00      0.00      0.00      0.00      0.00 
2.90     0.00      0.00      0.00      0.00      0.00      0.00      0.00      0.00      0.00      0.00      0.00      0.00      0.00 
3.00     0.00      0.00      0.00      0.00      0.00      0.00      0.00      0.00      0.00      0.00      0.00      0.00      0.00 
