.09   0.0000    0.4800    3.6600    5.3700    2.8500    1.9000    1.2900    0.7200    0.1600    0.0900    0.0000   16.5200    1.7700 
.14   0.0100    0.9100    4.9300    3.1600    1.6200    0.9500    0.4700    0.2900    0.1100    0.0600    0.0000   12.5100    1.4800 
.18   0.0200    1.2200    4.7900    1.8400    0.8000    0.4500    0.2400    0.1000    0.0600    0.0200    0.0000    9.5400    1.0600 
.23   0.0500    1.4300    4.2000    0.8700    0.3600    0.2200    0.1100    0.0700    0.0300    0.0200    0.0000    7.3600    0.6400 
.27   0.0100    1.7200    3.6600    0.6500    0.2400    0.1200    0.0400    0.0000    0.0200    0.0000    0.0000    6.4600    0.4900 
.32   0.0600    1.6800    2.4200    0.2900    0.0500    0.0700    0.0100    0.0100    0.0000    0.0000    0.0000    4.5900    0.3100 
.36   0.1100    1.7200    2.3100    0.1900    0.0200    0.0200    0.0100    0.0000    0.0000    0.0100    0.0000    4.3900    0.3300 
.41   0.1500    1.7000    1.2300    0.1500    0.1400    0.0900    0.0000    0.0100    0.0000    0.0000    0.0000    3.4700    0.0800 
.45   0.1400    1.5500    1.3900    0.1100    0.0700    0.0300    0.0000    0.0000    0.0000    0.0000    0.0000    3.2900    0.2300 
.50   0.2300    1.4800    0.9000    0.0900    0.0500    0.0000    0.0000    0.0000    0.0000    0.0000    0.0000    2.7500    0.1300 
.54   0.1900    1.1000    0.7400    0.0100    0.0100    0.0000    0.0000    0.0000    0.0000    0.0000    0.0000    2.0500    0.0700 
.59   0.2600    1.2500    0.3100    0.0000    0.0100    0.0000    0.0000    0.0000    0.0000    0.0000    0.0000    1.8300    0.0400 
.63   0.1700    1.3000    0.4500    0.0000    0.0000    0.0100    0.0000    0.0000    0.0000    0.0000    0.0000    1.9300    0.0400 
.68   0.2400    0.9700    0.6200    0.0500    0.0100    0.0300    0.0000    0.0000    0.0000    0.0000    0.0000    1.9200    0.0500 
.72   0.1800    1.1600    0.5800    0.0100    0.0100    0.0000    0.0000    0.0000    0.0000    0.0000    0.0000    1.9400    0.0800 
.77   0.2500    0.6700    0.2100    0.0000    0.0000    0.0000    0.0000    0.0000    0.0000    0.0000    0.0000    1.1300    0.0300 
.81   0.2500    0.4800    0.4200    0.0200    0.0000    0.0000    0.0000    0.0000    0.0000    0.0000    0.0000    1.1700    0.0200 
.86   0.2600    0.5300    0.1700    0.0000    0.0000    0.0000    0.0000    0.0000    0.0000    0.0000    0.0000    0.9600    0.0200 
.90   0.2800    0.7000    0.2800    0.0200    0.0000    0.0000    0.0000    0.0000    0.0000    0.0000    0.0000    1.2800    0.0100 
.95   0.2400    0.3800    0.2500    0.0100    0.0000    0.0000    0.0000    0.0000    0.0000    0.0000    0.0000    0.8800    0.0000 
.99   0.2200    0.5100    0.0800    0.0000    0.0000    0.0000    0.0000    0.0000    0.0000    0.0000    0.0000    0.8100    0.0000 
1.19   0.2000    0.2800    0.1000    0.0000    0.0000    0.0000    0.0000    0.0000    0.0000    0.0000    0.0000    0.5800    0.0200 
1.39   0.2900    0.2500    0.0300    0.0000    0.0000    0.0000    0.0000    0.0000    0.0000    0.0000    0.0000    0.5700    0.0000 
1.59   0.2000    0.0800    0.0100    0.0000    0.0000    0.0000    0.0000    0.0000    0.0000    0.0000    0.0000    0.2900    0.0000 
1.79   0.2000    0.0000    0.0000    0.0000    0.0000    0.0000    0.0000    0.0000    0.0000    0.0000    0.0000    0.2000    0.0000 
2.00   0.2800    0.0000    0.0000    0.0000    0.0000    0.0000    0.0000    0.0000    0.0000    0.0000    0.0000    0.2800    0.0000 
2.19   0.1400    0.0000    0.0000    0.0000    0.0000    0.0000    0.0000    0.0000    0.0000    0.0000    0.0000    0.1400    0.0000 
2.39   0.2200    0.0000    0.0000    0.0000    0.0000    0.0000    0.0000    0.0000    0.0000    0.0000    0.0000    0.2200    0.0000 
2.59   0.1000    0.0000    0.0000    0.0000    0.0000    0.0000    0.0000    0.0000    0.0000    0.0000    0.0000    0.1000    0.0000 
2.79   0.1200    0.0000    0.0000    0.0000    0.0000    0.0000    0.0000    0.0000    0.0000    0.0000    0.0000    0.1200    0.0000 
3.00   0.1000    0.0000    0.0000    0.0000    0.0000    0.0000    0.0000    0.0000    0.0000    0.0000    0.0000    0.1000    0.0000 
3.19   0.0300    0.0000    0.0000    0.0000    0.0000    0.0000    0.0000    0.0000    0.0000    0.0000    0.0000    0.0300    0.0000 
3.39   0.0600    0.0000    0.0000    0.0000    0.0000    0.0000    0.0000    0.0000    0.0000    0.0000    0.0000    0.0600    0.0000 
3.59   0.0100    0.0000    0.0000    0.0000    0.0000    0.0000    0.0000    0.0000    0.0000    0.0000    0.0000    0.0100    0.0000 
3.79   0.0200    0.0000    0.0000    0.0000    0.0000    0.0000    0.0000    0.0000    0.0000    0.0000    0.0000    0.0200    0.0000 
4.00   0.0200    0.0000    0.0000    0.0000    0.0000    0.0000    0.0000    0.0000    0.0000    0.0000    0.0000    0.0200    0.0000 
4.19   0.0100    0.0000    0.0000    0.0000    0.0000    0.0000    0.0000    0.0000    0.0000    0.0000    0.0000    0.0100    0.0000 
4.39   0.0100    0.0000    0.0000    0.0000    0.0000    0.0000    0.0000    0.0000    0.0000    0.0000    0.0000    0.0100    0.0000 
4.59   0.0100    0.0000    0.0000    0.0000    0.0000    0.0000    0.0000    0.0000    0.0000    0.0000    0.0000    0.0100    0.0000 
4.79   0.0100    0.0000    0.0000    0.0000    0.0000    0.0000    0.0000    0.0000    0.0000    0.0000    0.0000    0.0100    0.0000 
5.00   0.0000    0.0000    0.0000    0.0000    0.0000    0.0000    0.0000    0.0000    0.0000    0.0000    0.0000    0.0000    0.0000 
