.09   0.0000    0.4800    4.0600    6.1300    3.7900    1.5100    0.2200    0.0000    0.0000    0.0000    0.0000   16.1900 
.14   0.0100    0.9100    5.5400    3.7500    2.3100    0.5700    0.0100    0.0000    0.0000    0.0000    0.0000   13.1000 
.18   0.0200    1.2200    5.5300    2.0800    1.0400    0.1500    0.0100    0.0000    0.0000    0.0000    0.0000   10.0500 
.23   0.0500    1.4300    4.7700    0.9100    0.4300    0.0400    0.0000    0.0000    0.0000    0.0000    0.0000    7.6300 
.27   0.0100    1.7200    4.0900    0.7100    0.3200    0.0200    0.0000    0.0000    0.0000    0.0000    0.0000    6.8700 
.32   0.0600    1.6800    2.6800    0.3700    0.1000    0.0000    0.0000    0.0000    0.0000    0.0000    0.0000    4.8900 
.36   0.1100    1.7200    2.6500    0.1900    0.0200    0.0000    0.0000    0.0000    0.0000    0.0000    0.0000    4.6900 
.41   0.1500    1.7000    1.3000    0.1600    0.1700    0.0100    0.0000    0.0000    0.0000    0.0000    0.0000    3.4900 
.45   0.1400    1.5500    1.6100    0.1300    0.0900    0.0000    0.0000    0.0000    0.0000    0.0000    0.0000    3.5200 
.50   0.2300    1.4800    1.0100    0.1000    0.0700    0.0000    0.0000    0.0000    0.0000    0.0000    0.0000    2.8900 
.54   0.1900    1.1000    0.8100    0.0100    0.0100    0.0000    0.0000    0.0000    0.0000    0.0000    0.0000    2.1200 
.59   0.2600    1.2500    0.3500    0.0000    0.0100    0.0000    0.0000    0.0000    0.0000    0.0000    0.0000    1.8700 
.63   0.1700    1.3000    0.4900    0.0000    0.0000    0.0000    0.0000    0.0000    0.0000    0.0000    0.0000    1.9600 
.68   0.2400    0.9700    0.6700    0.0500    0.0100    0.0000    0.0000    0.0000    0.0000    0.0000    0.0000    1.9400 
.72   0.1800    1.1600    0.6600    0.0100    0.0100    0.0000    0.0000    0.0000    0.0000    0.0000    0.0000    2.0200 
.77   0.2500    0.6700    0.2400    0.0000    0.0000    0.0000    0.0000    0.0000    0.0000    0.0000    0.0000    1.1600 
.81   0.2500    0.4800    0.4400    0.0200    0.0000    0.0000    0.0000    0.0000    0.0000    0.0000    0.0000    1.1900 
.86   0.2600    0.5300    0.1900    0.0000    0.0000    0.0000    0.0000    0.0000    0.0000    0.0000    0.0000    0.9800 
.90   0.2800    0.7000    0.2900    0.0200    0.0000    0.0000    0.0000    0.0000    0.0000    0.0000    0.0000    1.2900 
.95   0.2400    0.3800    0.2500    0.0100    0.0000    0.0000    0.0000    0.0000    0.0000    0.0000    0.0000    0.8800 
.99   0.2200    0.5100    0.0800    0.0000    0.0000    0.0000    0.0000    0.0000    0.0000    0.0000    0.0000    0.8100 
1.19   0.2000    0.2800    0.1200    0.0000    0.0000    0.0000    0.0000    0.0000    0.0000    0.0000    0.0000    0.6000 
1.39   0.2900    0.2500    0.0300    0.0000    0.0000    0.0000    0.0000    0.0000    0.0000    0.0000    0.0000    0.5700 
1.59   0.2000    0.0800    0.0100    0.0000    0.0000    0.0000    0.0000    0.0000    0.0000    0.0000    0.0000    0.2900 
1.79   0.2000    0.0000    0.0000    0.0000    0.0000    0.0000    0.0000    0.0000    0.0000    0.0000    0.0000    0.2000 
2.00   0.2800    0.0000    0.0000    0.0000    0.0000    0.0000    0.0000    0.0000    0.0000    0.0000    0.0000    0.2800 
2.19   0.1400    0.0000    0.0000    0.0000    0.0000    0.0000    0.0000    0.0000    0.0000    0.0000    0.0000    0.1400 
2.39   0.2200    0.0000    0.0000    0.0000    0.0000    0.0000    0.0000    0.0000    0.0000    0.0000    0.0000    0.2200 
2.59   0.1000    0.0000    0.0000    0.0000    0.0000    0.0000    0.0000    0.0000    0.0000    0.0000    0.0000    0.1000 
2.79   0.1200    0.0000    0.0000    0.0000    0.0000    0.0000    0.0000    0.0000    0.0000    0.0000    0.0000    0.1200 
3.00   0.1000    0.0000    0.0000    0.0000    0.0000    0.0000    0.0000    0.0000    0.0000    0.0000    0.0000    0.1000 
3.19   0.0300    0.0000    0.0000    0.0000    0.0000    0.0000    0.0000    0.0000    0.0000    0.0000    0.0000    0.0300 
3.39   0.0600    0.0000    0.0000    0.0000    0.0000    0.0000    0.0000    0.0000    0.0000    0.0000    0.0000    0.0600 
3.59   0.0100    0.0000    0.0000    0.0000    0.0000    0.0000    0.0000    0.0000    0.0000    0.0000    0.0000    0.0100 
3.79   0.0200    0.0000    0.0000    0.0000    0.0000    0.0000    0.0000    0.0000    0.0000    0.0000    0.0000    0.0200 
4.00   0.0200    0.0000    0.0000    0.0000    0.0000    0.0000    0.0000    0.0000    0.0000    0.0000    0.0000    0.0200 
4.19   0.0100    0.0000    0.0000    0.0000    0.0000    0.0000    0.0000    0.0000    0.0000    0.0000    0.0000    0.0100 
4.39   0.0100    0.0000    0.0000    0.0000    0.0000    0.0000    0.0000    0.0000    0.0000    0.0000    0.0000    0.0100 
4.59   0.0100    0.0000    0.0000    0.0000    0.0000    0.0000    0.0000    0.0000    0.0000    0.0000    0.0000    0.0100 
4.79   0.0100    0.0000    0.0000    0.0000    0.0000    0.0000    0.0000    0.0000    0.0000    0.0000    0.0000    0.0100 
5.00   0.0000    0.0000    0.0000    0.0000    0.0000    0.0000    0.0000    0.0000    0.0000    0.0000    0.0000    0.0000 
