.09   0.0000    0.4800   11.8600   96.6500  381.5900  785.8600  950.1400  762.5100  440.2400  175.0000   31.0100  3635.3400 
.14   0.0100    1.1100   21.4000  147.8700  500.0800  860.9000  925.2200  728.6900  443.9300  190.3400   35.0200  3854.5700 
.18   0.0200    1.6000   25.5700  157.6000  479.7100  734.7400  727.6300  551.4500  331.2000  142.5600   26.5400  3178.6200 
.23   0.0500    2.3200   30.3100  167.4700  464.3700  663.7200  658.3600  512.6800  320.7500  144.3300   27.1900  2991.5500 
.27   0.0100    1.9200   27.8500  159.8300  448.5000  652.1400  676.0700  567.8100  383.9500  184.5000   34.5400  3137.1200 
.32   0.0600    2.7000   30.7800  154.8200  390.6600  541.2900  557.6200  469.6400  319.7700  155.1900   29.1600  2651.6900 
.36   0.1100    3.5800   37.8100  184.9200  464.0600  657.6500  703.7300  618.4900  437.0100  217.3500   41.0900  3365.8000 
.41   0.1500    4.2200   39.6000  179.8300  431.2400  632.1800  713.2400  655.9500  479.5700  244.7100   46.0800  3426.7700 
.45   0.1400    3.7800   35.7800  165.1800  413.5000  642.2800  759.5800  722.6600  541.1000  279.9300   52.5500  3616.4800 
.50   0.2300    5.2200   45.9400  203.3300  495.9900  769.0000  917.0700  878.9900  660.1400  342.0700   64.2900  4382.2700 
.54   0.1900    4.3400   39.0100  176.7400  445.9100  703.8900  847.2400  814.5100  612.9900  318.0600   59.7300  4022.6100 
.59   0.2600    5.5300   48.4000  217.1700  550.6300  890.5400  1090.7900  1061.2100  805.2100  420.0000   78.8700  5168.6100 
.63   0.1700    4.0700   38.0700  180.3600  479.1000  800.8600  1000.0400  984.2200  751.9200  393.8200   74.0200  4706.6500 
.68   0.2400    4.6500   39.5300  175.9400  457.3900  758.9200  946.3700  932.2500  712.3700  373.0200   70.0200  4470.7000 
.72   0.1800    4.1100   38.4200  183.2400  492.8200  830.7000  1043.1600  1031.0100  789.6700  414.0600   77.7800  4905.1500 
.77   0.2500    5.0100   42.7800  189.8800  486.7400  805.5300  1003.6600  987.9000  754.6600  394.9200   74.1600  4745.4900 
.81   0.2500    4.7000   39.7300  176.5900  464.6600  784.4300  987.3100  977.3700  749.0000  392.7800   73.7200  4650.5400 
.86   0.2600    5.1300   44.5900  202.6400  538.0000  907.8300  1141.7500  1129.6800  865.8600  454.2900   85.3300  5375.3600 
.90   0.2800    5.5700   49.3300  228.0800  618.6300  1057.5200  1339.0000  1329.4100  1020.9400  536.1900  100.6200  6285.5700 
.95   0.2400    4.3300   35.9000  158.0800  416.1900  702.4100  883.2300  873.4400  669.2000  350.9900   65.9000  4159.9100 
.99   0.2200    4.3200   38.0000  175.3800  474.9500  812.0000  1027.9600  1020.7200  784.0500  411.8800   77.3500  4826.8300 
1.19   0.2000    4.1300   38.0600  182.6800  508.8400  880.0300  1120.6800  1116.3000  858.9300  451.6400   84.8200  5246.3100 
1.39   0.2900    5.7900   52.1200  245.6400  677.4400  1166.8800  1482.7900  1475.1800  1134.2600  596.1600  111.9300  6948.4800 
1.59   0.2000    3.9900   35.9100  169.2400  467.1600  804.8200  1022.7200  1017.4300  782.3200  411.1600   77.1900  4792.1400 
1.79   0.2000    4.0000   36.0000  169.6000  467.6000  805.2000  1023.0000  1017.6000  782.4000  411.2000   77.2000  4794.0000 
2.00   0.2800    5.6000   50.4000  237.4400  654.6400  1127.2800  1432.2000  1424.6400  1095.3600  575.6800  108.0800  6711.6000 
2.19   0.1400    2.8000   25.2000  118.7200  327.3200  563.6400  716.1000  712.3200  547.6800  287.8400   54.0400  3355.8000 
2.39   0.2200    4.4000   39.6000  186.5600  514.3600  885.7200  1125.3000  1119.3600  860.6400  452.3200   84.9200  5273.4000 
2.59   0.1000    2.0000   18.0000   84.8000  233.8000  402.6000  511.5000  508.8000  391.2000  205.6000   38.6000  2397.0000 
2.79   0.1200    2.4000   21.6000  101.7600  280.5600  483.1200  613.8000  610.5600  469.4400  246.7200   46.3200  2876.4000 
3.00   0.1000    2.0000   18.0000   84.8000  233.8000  402.6000  511.5000  508.8000  391.2000  205.6000   38.6000  2397.0000 
3.19   0.0300    0.6000    5.4000   25.4400   70.1400  120.7800  153.4500  152.6400  117.3600   61.6800   11.5800  719.1000 
3.39   0.0600    1.2000   10.8000   50.8800  140.2800  241.5600  306.9000  305.2800  234.7200  123.3600   23.1600  1438.2000 
3.59   0.0100    0.2000    1.8000    8.4800   23.3800   40.2600   51.1500   50.8800   39.1200   20.5600    3.8600  239.7000 
3.79   0.0200    0.4000    3.6000   16.9600   46.7600   80.5200  102.3000  101.7600   78.2400   41.1200    7.7200  479.4000 
4.00   0.0200    0.4000    3.6000   16.9600   46.7600   80.5200  102.3000  101.7600   78.2400   41.1200    7.7200  479.4000 
4.19   0.0100    0.2000    1.8000    8.4800   23.3800   40.2600   51.1500   50.8800   39.1200   20.5600    3.8600  239.7000 
4.39   0.0100    0.2000    1.8000    8.4800   23.3800   40.2600   51.1500   50.8800   39.1200   20.5600    3.8600  239.7000 
4.59   0.0100    0.2000    1.8000    8.4800   23.3800   40.2600   51.1500   50.8800   39.1200   20.5600    3.8600  239.7000 
4.79   0.0100    0.2000    1.8000    8.4800   23.3800   40.2600   51.1500   50.8800   39.1200   20.5600    3.8600  239.7000 
5.00   0.0000    0.0000    0.0000    0.0000    0.0000    0.0000    0.0000    0.0000    0.0000    0.0000    0.0000    0.0000 
