.10     0.00      0.00      1.15     25.74    211.81    788.67   1915.76   3584.11   5591.24   7515.98   8803.45   8995.31   7853.18   5535.32   2681.47    356.90  53860.09 
.20     0.00      0.03      3.21     61.74    476.26   1692.10   4019.68   7304.89  10977.09  14044.33  15614.62  15105.80  12513.41   8389.70   3919.47    491.63  94613.96 
.30     0.00      0.07      5.78    101.99    755.50   2609.27   5894.25  10278.44  14782.16  18159.27  19406.08  17995.78  14132.51   8881.19   3799.92    439.05  117241.26 
.40     0.00      0.13      9.43    158.00   1114.69   3639.55   7894.05  13057.67  17716.57  20556.24  20670.26  17996.28  13278.74   7863.55   3186.63    352.09  127493.88 
.50     0.00      0.16     12.12    199.15   1375.75   4408.58   9351.98  15155.85  20033.82  22362.68  21468.21  17721.57  12357.24   6923.82   2662.25    278.49  134311.67 
.60     0.00      0.32     19.62    299.80   1957.23   5952.91  11868.59  18077.62  22583.48  23917.91  21846.61  17249.41  11578.66   6251.95   2297.49    234.37  144135.97 
.70     0.00      0.67     28.43    373.93   2210.99   6211.55  11614.09  16752.09  19827.44  19895.61  17152.99  12740.37   8047.36   4110.61   1442.23    137.19  120545.55 
.80     0.00      0.72     31.98    413.11   2343.13   6229.82  11070.63  14995.76  16650.88  15712.90  12769.16   8964.48   5364.31   2591.70    864.89     82.30  98085.77 
.90     0.01      1.68     51.59    570.33   2928.93   7196.35  11922.87  15240.87  16057.36  14492.05  11383.27   7766.41   4511.62   2116.30    678.51     58.78  94976.93 
1.00     0.04      2.85     70.41    695.87   3298.32   7598.21  11804.06  14207.46  14179.07  12192.03   9156.44   6004.06   3384.42   1558.16    486.55     41.56  84679.51 
1.10     0.02      3.05     78.05    740.43   3324.97   7267.44  10813.98  12484.60  11942.36   9823.64   7047.12   4429.05   2396.67   1056.91    323.40     25.77  71757.46 
1.20     0.07      4.51     90.21    748.36   3067.52   6247.86   8761.84   9693.38   8937.02   7082.34   4888.91   2948.23   1530.49    648.07    187.56     15.73  54852.10 
1.30     0.15      6.64    111.74    826.78   3102.43   5851.36   7632.36   7872.57   6908.92   5310.80   3602.18   2137.69   1090.74    454.51    132.20     10.12  45051.19 
1.40     0.11      5.77     92.73    639.91   2251.19   4046.14   5121.74   5179.21   4476.70   3430.04   2363.66   1462.67    796.82    360.38    114.11      9.02  30350.20 
1.50     0.18      7.03     98.38    616.62   2001.53   3333.44   3948.38   3728.96   2971.45   2066.78   1281.81    707.90    339.52    134.08     38.74      2.95  21277.75 
1.60     0.17      6.10     79.49    469.03   1460.73   2375.56   2770.19   2628.74   2126.80   1511.85    953.18    527.23    248.40     93.50     23.87      1.77  15276.61 
1.70     0.28      7.42     82.11    435.73   1242.90   1851.34   1971.94   1687.99   1221.88    785.99    454.45    234.60    105.85     39.49     10.41      0.70  10133.08 
1.80     0.22      6.18     68.86    367.71   1067.49   1650.93   1810.93   1606.96   1220.48    816.26    483.86    253.19    114.81     42.69     11.24      0.79   9522.60 
1.90     0.20      4.76     47.33    232.86    629.72    904.77    933.82    767.18    534.30    333.24    186.35     91.28     37.42     11.88      2.43      0.15   4717.69 
2.00     0.22      5.03     48.89    233.55    615.62    868.18    899.11    762.71    559.41    357.11    203.75    103.79     45.76     16.68      4.64      0.32   4724.77 
2.10     0.17      3.52     33.00    157.94    423.77    609.92    631.72    532.13    386.90    241.71    131.90     61.65     24.63      7.83      1.53      0.08   3248.40 
2.20     0.12      2.51     23.15    105.62    268.28    372.32    374.42    303.30    210.62    128.23     68.88     32.65     12.76      3.78      0.64      0.04   1907.32 
2.30     0.07      1.25     10.21     42.69     99.73    122.09    102.17     66.37     36.18     17.33      7.81      3.21      1.12      0.34      0.06      0.00    510.63 
2.40     0.10      1.75     14.20     59.62    142.55    189.67    186.62    147.14     97.18     56.88     30.18     14.43      5.86      1.90      0.41      0.02    948.51 
2.50     0.03      0.50      3.79     14.62     31.07     33.37     27.14     16.17      7.39      3.11      1.29      0.46      0.08      0.01      0.00      0.00    139.03 
2.60     0.00      0.00      0.00      0.00      0.00      0.00      0.00      0.00      0.00      0.00      0.00      0.00      0.00      0.00      0.00      0.00      0.00 
2.70     0.02      0.34      2.68     11.21     26.28     31.03     24.84     15.18      8.03      3.39      1.10      0.26      0.02      0.00      0.00      0.00    124.38 
2.80     0.02      0.30      2.10      7.86     16.59     17.75     14.06      8.51      4.49      2.08      0.70      0.19      0.04      0.00      0.00      0.00     74.69 
2.90     0.00      0.00      0.00      0.00      0.00      0.00      0.00      0.00      0.00      0.00      0.00      0.00      0.00      0.00      0.00      0.00      0.00 
3.00     0.00      0.00      0.00      0.00      0.00      0.00      0.00      0.00      0.00      0.00      0.00      0.00      0.00      0.00      0.00      0.00      0.00 
