.20     0.00      0.00      0.00      0.44      7.55     41.63    127.26    287.45    527.35    818.91   1121.98   1356.26   1406.93   1179.16    677.62     94.31   7646.85 
.40     0.00      0.00      0.00      0.69     11.03     55.99    180.77    435.61    863.62   1446.42   2079.80   2539.43   2593.23   2128.01   1170.15    163.40  13668.15 
.60     0.00      0.00      0.00      1.40     23.24    125.02    405.88    975.51   1861.11   2954.30   4003.56   4667.37   4575.38   3602.71   1933.27    259.03  25387.78 
.80     0.00      0.00      0.00      1.78     29.66    164.75    552.24   1356.48   2614.98   4189.01   5722.65   6702.37   6589.69   5134.31   2671.85    347.22  36076.99 
1.00     0.00      0.00      0.00      1.99     33.85    191.15    627.88   1523.24   2959.31   4790.33   6617.33   7785.72   7658.68   5936.61   3100.55    397.87  41624.51 
1.20     0.00      0.00      0.00      2.31     39.40    225.96    767.31   1903.36   3730.04   6030.29   8228.79   9433.14   8955.16   6702.72   3325.04    412.45  49755.97 
1.40     0.00      0.00      0.00      2.70     47.10    272.10    902.32   2190.96   4214.90   6703.79   9025.43  10246.17   9620.60   7058.75   3419.94    413.04  54117.80 
1.60     0.00      0.00      0.00      3.24     54.57    305.14   1013.13   2489.23   4866.27   7735.82  10272.47  11390.38  10329.15   7246.12   3330.38    386.34  59422.24 
1.80     0.00      0.00      0.00      3.88     68.06    405.53   1417.43   3507.30   6675.65  10200.33  12825.05  13275.08  11170.22   7268.62   3135.13    351.55  70303.83 
2.00     0.00      0.00      0.00      4.72     81.25    483.80   1710.46   4255.55   8172.68  12576.68  15726.79  16003.39  13104.35   8204.22   3367.41    370.95  84062.25 
2.20     0.00      0.00      0.00      5.64     96.63    571.22   2053.05   5146.90   9649.26  14159.85  16726.84  16065.99  12463.43   7435.29   2936.41    318.97  87629.48 
2.40     0.00      0.00      0.00      7.15    124.96    748.87   2594.28   6107.89  10750.31  14896.71  16603.90  15018.26  10950.50   6207.21   2356.77    260.72  86627.53 
2.60     0.00      0.00      0.00      8.28    145.84    889.60   3015.33   7033.65  12241.65  16547.96  17862.24  15647.95  11097.17   6111.66   2266.70    252.79  93120.82 
2.80     0.00      0.00      0.00     10.03    178.39   1084.85   3653.77   8212.14  13497.95  17075.35  17229.16  14192.32   9547.09   5047.78   1793.87    205.09  91727.79 
3.00     0.00      0.00      0.00     11.82    204.85   1231.31   4043.89   8708.66  13552.83  16342.03  15878.34  12680.17   8306.85   4292.37   1519.43    177.42  86949.97 
3.20     0.00      0.00      0.00     13.19    231.12   1392.34   4524.34   9454.97  14185.34  16531.37  15626.63  12244.18   7937.43   4086.31   1447.93    172.89  87848.04 
3.40     0.00      0.00      0.00     18.22    298.23   1688.28   5194.40  10389.22  14893.87  16549.86  14943.79  11217.72   6998.28   3500.84   1218.50    148.22  87059.43 
3.60     0.00      0.00      0.00     20.28    337.26   1963.27   5963.79  11331.14  15272.66  15909.22  13629.65   9858.74   5988.83   2923.89    999.76    125.52  84324.01 
3.80     0.00      0.00      0.00     27.01    425.52   2307.83   6502.50  11726.85  15414.12  15911.99  13552.95   9754.22   5907.13   2869.89    961.11    122.18  85483.30 
4.00     0.00      0.00      0.00     29.87    475.11   2551.04   6961.81  12018.13  15146.91  15154.99  12684.47   9089.84   5508.27   2687.19    906.25    117.94  83331.82 
4.20     0.00      0.00      0.00     36.91    527.90   2682.48   7136.79  12031.50  14771.71  14483.85  12016.79   8577.72   5204.34   2548.16    869.20    113.79  81001.14 
4.40     0.00      0.00      0.00     38.86    561.03   2816.85   7277.02  11964.81  14442.72  13975.38  11366.31   7933.21   4716.50   2271.96    770.66    102.33  78237.64 
4.60     0.00      0.00      0.00     41.18    602.08   3006.24   7622.42  12171.53  14170.59  13227.01  10396.47   7068.82   4141.45   1990.90    673.51     93.30  75205.50 
4.80     0.00      0.00      0.00     48.66    667.05   3171.30   7627.58  11575.99  13072.27  12059.64   9488.73   6471.35   3799.44   1833.00    632.56     86.50  70534.07 
5.00     0.00      0.00      0.00     61.50    794.85   3570.60   8180.50  12114.90  13502.54  12418.57   9838.73   6769.38   3980.89   1900.18    636.93     87.47  73857.04 
5.20     0.00      0.00      0.00     63.27    824.31   3662.27   8060.96  11493.33  12371.74  10988.76   8437.89   5675.58   3278.81   1544.43    521.63     74.08  66997.06 
5.40     0.00      0.00      0.00     79.31    943.35   3925.17   8353.30  11694.04  12584.77  11270.38   8748.36   5922.41   3422.76   1622.14    550.84     78.24  69195.07 
5.60     0.00      0.00      0.00     89.55   1071.49   4380.03   8880.14  11904.54  12389.14  10754.99   8107.78   5345.56   3043.75   1420.72    474.86     68.72  67931.27 
5.80     0.00      0.00      0.00     95.21   1106.21   4426.20   8930.83  11930.43  12293.45  10653.52   8079.45   5394.29   3106.70   1466.37    491.60     70.67  68044.93 
6.00     0.00      0.00      0.00     99.98   1124.66   4418.37   8882.44  11809.89  12082.90  10349.04   7709.42   5054.62   2877.39   1349.57    454.58     66.55  66279.41 
6.20     0.00      0.00      0.00    115.40   1265.92   4842.34   9375.97  11972.44  11896.30  10034.98   7425.51   4866.39   2764.09   1282.04    424.60     62.19  66328.17 
6.40     0.00      0.00      0.00    122.17   1300.73   4807.76   9069.62  11433.71  11342.73   9582.24   7099.41   4623.60   2595.68   1182.88    386.56     57.11  63604.20 
6.60     0.00      0.00      0.00    119.75   1263.18   4602.27   8539.36  10580.88  10355.83   8645.49   6352.91   4117.15   2300.35   1049.60    342.76     50.77  58320.30 
6.80     0.00      0.00      0.00    135.41   1385.97   4864.92   8686.71  10626.44  10279.82   8565.68   6341.00   4166.50   2371.90   1110.47    377.62     57.45  58969.89 
7.00     0.00      0.00      0.00    150.58   1499.14   5094.73   8864.92  10559.25  10033.12   8272.09   6069.41   3944.19   2217.72   1012.50    332.06     50.83  58100.54 
7.20     0.00      0.00      0.00    149.83   1480.21   4958.52   8495.34  10013.48   9517.51   7856.57   5768.37   3762.40   2124.03    982.53    327.76     50.33  55486.88 
7.40     0.00      0.00      0.00    155.49   1519.19   5043.31   8549.36  10059.35   9566.77   7858.14   5701.00   3669.44   2052.03    940.61    313.71     48.92  55477.32 
7.60     0.00      0.00      0.00    164.94   1571.62   5055.76   8284.55   9496.12   8905.54   7302.00   5361.43   3481.80   1949.88    895.27    298.84     46.20  52813.95 
7.80     0.00      0.00      0.00    174.72   1624.77   5054.62   8110.95   9192.92   8578.50   6946.42   5007.70   3198.61   1765.24    804.30    267.04     41.87  50767.66 
8.00     0.00      0.00      0.00    178.81   1626.54   4952.99   7868.27   8944.15   8360.18   6811.09   4903.19   3137.38   1754.60    815.21    277.03     44.32  49673.76 
