.20     0.00      0.00      0.00      0.44      0.00      0.02      0.00      0.00      0.00      0.00      0.00      0.00      0.00      0.00      0.00      0.00      0.46      0.00 
.40     0.00      0.00      0.00      0.68      0.02      0.09      0.08      0.04      0.03      0.01      0.07      0.17      0.00      0.00      0.00      0.00      1.19      0.00 
.60     0.00      0.00      0.00      1.34      0.06      0.18      0.22      0.11      0.02      0.50      0.42      0.00      0.00      0.00      0.00      0.00      2.85      0.12 
.80     0.00      0.00      0.00      1.76      0.21      0.49      0.37      1.08      1.06      1.71      2.27      0.81      0.39      0.29      0.00      0.00     10.44      0.74 
1.00     0.00      0.00      0.00      1.93      0.49      0.79      0.85      1.71      1.79      3.41      1.73      1.39      1.37      0.05      0.00      0.00     15.51      1.48 
1.20     0.00      0.00      0.00      2.19      0.53      1.26      1.61      2.44      4.44      4.24      2.53      2.28      2.11      0.20      0.00      0.00     23.83      3.12 
1.40     0.00      0.00      0.00      2.65      0.75      1.32      1.76      3.61      5.04      4.18      5.68      5.14      2.53      0.62      0.03      0.00     33.31      5.46 
1.60     0.00      0.00      0.00      3.08      0.89      2.18      3.26      4.60      5.35      6.52      4.24      5.17      2.21      0.68      0.06      0.00     38.24      8.35 
1.80     0.00      0.00      0.00      3.63      1.80      4.11      5.93      8.01     10.94      9.40      8.08      6.93      1.79      0.46      0.05      0.00     61.13     15.57 
2.00     0.00      0.00      0.00      4.18      2.66      5.99      8.70     12.27     15.61     14.81      9.72      5.94      2.23      0.40      0.00      0.00     82.51     25.48 
2.20     0.00      0.00      0.00      5.15      3.03      7.29     11.93     14.89     14.60     12.26      8.53      5.11      1.37      0.53      0.06      0.00     84.75     30.51 
2.40     0.00      0.00      0.00      5.89      3.89      7.74     13.51     15.26     13.64     12.44      9.08      4.22      1.95      0.85      0.00      0.00     88.47     30.65 
2.60     0.00      0.00      0.00      6.33      6.03      9.94     15.34     17.76     15.00     12.79      7.29      3.88      1.56      0.43      0.30      0.00     96.65     38.38 
2.80     0.00      0.00      0.00      7.47      6.89     12.47     16.53     16.64     13.32      9.02      5.89      3.37      1.36      0.28      0.02      0.00     93.26     36.54 
3.00     0.00      0.00      0.00      7.83      8.87     14.88     16.69     15.57     14.47     11.22      6.05      3.61      1.47      0.20      0.04      0.00    100.90     39.52 
3.20     0.00      0.00      0.00      8.35      9.70     16.08     17.97     15.57     12.90      8.24      5.54      2.79      1.24      0.50      0.04      0.00     98.92     41.21 
3.40     0.00      0.00      0.00      9.99     10.40     15.95     16.65     14.60     10.69      7.97      4.39      2.25      1.13      0.32      0.10      0.00     94.44     40.89 
3.60     0.00      0.00      0.00     10.38     13.75     17.81     15.38     12.80      8.67      6.64      3.98      2.08      1.10      0.11      0.01      0.00     92.71     40.92 
3.80     0.00      0.00      0.00     11.61     13.02     17.81     17.72     12.17     10.24      6.50      4.73      2.20      1.17      0.23      0.08      0.00     97.48     40.32 
4.00     0.00      0.00      0.00     12.86     14.58     16.27     13.64     11.14      8.26      5.40      3.73      2.19      1.07      0.34      0.01      0.00     89.49     39.59 
4.20     0.00      0.00      0.00     13.49     14.77     17.72     13.41     11.25      8.10      4.67      3.17      1.46      0.83      0.21      0.15      0.00     89.23     41.86 
4.40     0.00      0.00      0.00     14.34     16.83     17.77     12.63      8.96      7.09      4.39      2.94      1.65      0.54      0.19      0.08      0.00     87.41     41.62 
4.60     0.00      0.00      0.00     14.83     18.07     17.74     11.14      8.92      6.39      4.29      2.57      1.19      0.53      0.29      0.02      0.00     85.98     39.38 
4.80     0.00      0.00      0.00     15.76     18.10     15.47     11.34      8.43      5.96      4.20      2.72      1.10      0.84      0.40      0.02      0.00     84.34     38.05 
5.00     0.00      0.00      0.00     17.89     17.52     14.09      9.93      7.51      5.53      3.94      2.45      0.95      0.44      0.16      0.01      0.00     80.42     39.17 
5.20     0.00      0.00      0.00     17.71     18.66     13.52      8.78      7.25      5.10      3.28      1.71      1.73      0.52      0.24      0.09      0.00     78.59     38.85 
5.40     0.00      0.00      0.00     19.19     18.62     12.35      8.00      6.18      4.31      3.17      2.10      1.14      0.69      0.31      0.04      0.00     76.10     37.34 
5.60     0.00      0.00      0.00     20.50     17.48     10.37      7.01      4.99      4.17      2.34      1.69      0.94      0.64      0.27      0.04      0.00     70.44     34.85 
5.80     0.00      0.00      0.00     21.32     19.30     11.30      7.04      4.68      3.71      2.45      1.62      1.02      0.65      0.24      0.07      0.00     73.40     36.76 
6.00     0.00      0.00      0.00     21.98     17.72     10.62      7.25      4.67      3.44      2.25      1.46      1.02      0.39      0.16      0.07      0.00     71.03     34.93 
6.20     0.00      0.00      0.00     23.63     18.70      9.54      6.12      4.61      3.38      2.15      1.51      0.73      0.45      0.08      0.02      0.00     70.92     35.51 
6.40     0.00      0.00      0.00     24.28     16.80      8.79      6.15      4.06      2.71      1.51      1.15      0.55      0.31      0.14      0.07      0.00     66.52     34.20 
6.60     0.00      0.00      0.00     23.99     15.89      7.12      4.97      4.10      2.50      1.62      1.00      0.56      0.29      0.11      0.03      0.00     62.18     34.30 
6.80     0.00      0.00      0.00     25.58     16.15      7.92      4.66      3.70      2.60      1.40      1.21      0.71      0.35      0.11      0.02      0.00     64.41     35.40 
7.00     0.00      0.00      0.00     26.94     15.13      6.82      4.28      3.26      2.25      1.46      0.98      0.54      0.32      0.11      0.04      0.00     62.13     30.67 
7.20     0.00      0.00      0.00     26.79     15.55      7.39      4.44      2.99      2.63      1.80      0.96      0.55      0.33      0.22      0.03      0.00     63.68     33.93 
7.40     0.00      0.00      0.00     26.94     15.57      6.43      4.48      3.41      2.05      1.31      0.71      0.62      0.24      0.12      0.01      0.00     61.89     32.79 
7.60     0.00      0.00      0.00     28.20     13.68      5.70      4.01      3.05      2.02      1.27      0.85      0.36      0.24      0.13      0.01      0.00     59.52     30.94 
7.80     0.00      0.00      0.00     29.26     13.11      5.27      3.69      2.58      2.03      1.10      0.88      0.56      0.19      0.07      0.00      0.00     58.74     30.37 
8.00     0.00      0.00      0.00     29.63     12.17      4.46      3.56      2.44      1.72      1.34      0.57      0.55      0.22      0.10      0.00      0.00     56.76     30.25 
