.20     0.00      0.00      0.00      0.44      0.01      0.01      0.00      0.01      0.00      0.00      0.00      0.00      0.00      0.00      0.00      0.00      0.47 
.40     0.00      0.00      0.00      0.69      0.02      0.06      0.03      0.02      0.05      0.01      0.01      0.03      0.00      0.00      0.01      0.00      0.93 
.60     0.00      0.00      0.00      1.40      0.09      0.20      0.12      0.09      0.04      0.09      0.09      0.03      0.02      0.03      0.02      0.00      2.22 
.80     0.00      0.00      0.00      1.78      0.31      0.48      0.35      0.48      0.45      0.32      0.30      0.12      0.08      0.03      0.00      0.00      4.70 
1.00     0.00      0.00      0.00      1.99      0.68      0.67      0.80      0.84      0.63      0.91      0.54      0.37      0.24      0.07      0.02      0.00      7.76 
1.20     0.00      0.00      0.00      2.31      0.72      1.07      1.45      1.79      2.08      1.58      0.92      0.56      0.37      0.13      0.03      0.00     13.01 
1.40     0.00      0.00      0.00      2.70      1.16      1.47      1.97      2.05      2.17      2.29      1.92      1.06      0.47      0.14      0.03      0.00     17.43 
1.60     0.00      0.00      0.00      3.24      1.41      2.70      4.10      4.32      4.17      3.27      1.98      1.12      0.55      0.12      0.01      0.00     26.99 
1.80     0.00      0.00      0.00      3.88      3.01      6.03      8.18      8.62      8.31      4.65      2.73      1.44      0.60      0.07      0.01      0.00     47.53 
2.00     0.00      0.00      0.00      4.72      5.56     11.99     16.24     17.62     13.08      7.51      3.62      1.52      0.42      0.04      0.00      0.00     82.32 
2.20     0.00      0.00      0.00      5.64      6.66     16.21     25.66     23.26     13.60      6.66      2.25      0.91      0.13      0.02      0.01      0.00    101.01 
2.40     0.00      0.00      0.00      7.15     11.74     20.76     26.88     24.35     14.48      6.13      2.25      0.36      0.19      0.02      0.00      0.00    114.31 
2.60     0.00      0.00      0.00      8.28     19.93     37.19     39.03     29.45     14.25      4.42      1.03      0.15      0.02      0.00      0.00      0.00    153.75 
2.80     0.00      0.00      0.00     10.03     24.65     44.39     42.44     23.99      8.79      2.10      0.79      0.14      0.01      0.01      0.00      0.00    157.34 
3.00     0.00      0.00      0.00     11.82     39.15     59.85     46.67     20.39      7.90      2.04      0.49      0.03      0.02      0.00      0.00      0.00    188.36 
3.20     0.00      0.00      0.00     13.19     47.51     70.61     51.17     23.21      4.81      0.89      0.29      0.02      0.02      0.00      0.00      0.00    211.72 
3.40     0.00      0.00      0.00     18.22     56.26     76.13     46.66     14.23      3.75      0.57      0.06      0.00      0.00      0.00      0.00      0.00    215.88 
3.60     0.00      0.00      0.00     20.28     79.81     90.21     46.37     10.53      2.17      0.59      0.13      0.01      0.00      0.00      0.00      0.00    250.10 
3.80     0.00      0.00      0.00     27.01     84.37     85.51     41.94      7.61      1.46      0.19      0.01      0.00      0.00      0.00      0.00      0.00    248.10 
4.00     0.00      0.00      0.00     29.87    100.56     86.36     32.28      7.38      1.19      0.07      0.01      0.00      0.00      0.00      0.00      0.00    257.72 
4.20     0.00      0.00      0.00     36.91    105.45     91.35     29.24      5.52      0.53      0.02      0.00      0.00      0.00      0.00      0.00      0.00    269.02 
4.40     0.00      0.00      0.00     38.86    120.34     93.09     26.11      2.99      0.15      0.01      0.00      0.00      0.00      0.00      0.00      0.00    281.55 
4.60     0.00      0.00      0.00     41.18    130.15     91.71     19.07      2.01      0.23      0.00      0.00      0.00      0.00      0.00      0.00      0.00    284.35 
4.80     0.00      0.00      0.00     48.66    138.30     76.49     14.94      1.06      0.08      0.00      0.00      0.00      0.00      0.00      0.00      0.00    279.53 
5.00     0.00      0.00      0.00     61.50    144.14     70.17     13.94      1.59      0.27      0.00      0.00      0.00      0.00      0.00      0.00      0.00    291.61 
5.20     0.00      0.00      0.00     63.27    152.83     61.97      9.05      0.76      0.01      0.00      0.00      0.00      0.00      0.00      0.00      0.00    287.89 
5.40     0.00      0.00      0.00     79.31    157.81     48.05      6.93      0.73      0.01      0.00      0.00      0.00      0.00      0.00      0.00      0.00    292.84 
5.60     0.00      0.00      0.00     89.55    159.88     44.05      5.01      0.22      0.02      0.00      0.00      0.00      0.00      0.00      0.00      0.00    298.73 
5.80     0.00      0.00      0.00     95.21    168.57     44.33      4.55      0.27      0.00      0.00      0.00      0.00      0.00      0.00      0.00      0.00    312.93 
6.00     0.00      0.00      0.00     99.98    159.34     41.25      4.95      0.24      0.00      0.00      0.00      0.00      0.00      0.00      0.00      0.00    305.76 
6.20     0.00      0.00      0.00    115.40    171.07     39.30      3.48      0.16      0.00      0.00      0.00      0.00      0.00      0.00      0.00      0.00    329.41 
6.40     0.00      0.00      0.00    122.17    161.32     30.51      3.16      0.01      0.00      0.00      0.00      0.00      0.00      0.00      0.00      0.00    317.17 
6.60     0.00      0.00      0.00    119.75    152.75     25.67      1.78      0.07      0.00      0.00      0.00      0.00      0.00      0.00      0.00      0.00    300.02 
6.80     0.00      0.00      0.00    135.41    156.01     22.56      1.49      0.01      0.00      0.00      0.00      0.00      0.00      0.00      0.00      0.00    315.48 
7.00     0.00      0.00      0.00    150.58    147.63     18.95      0.95      0.01      0.00      0.00      0.00      0.00      0.00      0.00      0.00      0.00    318.12 
7.20     0.00      0.00      0.00    149.83    145.27     17.30      0.66      0.00      0.00      0.00      0.00      0.00      0.00      0.00      0.00      0.00    313.06 
7.40     0.00      0.00      0.00    155.49    147.45     17.34      1.07      0.00      0.00      0.00      0.00      0.00      0.00      0.00      0.00      0.00    321.35 
7.60     0.00      0.00      0.00    164.94    130.95     15.22      0.42      0.00      0.00      0.00      0.00      0.00      0.00      0.00      0.00      0.00    311.53 
7.80     0.00      0.00      0.00    174.72    127.10      9.73      0.20      0.00      0.00      0.00      0.00      0.00      0.00      0.00      0.00      0.00    311.75 
8.00     0.00      0.00      0.00    178.81    120.55      9.59      0.19      0.01      0.00      0.00      0.00      0.00      0.00      0.00      0.00      0.00    309.15 
