.10     0.00      0.00      0.19      4.14     33.77    121.97    293.09    554.77    897.61   1282.95   1623.94   1793.48   1681.14   1260.78    631.61     87.90  10267.34 
.20     0.00      0.01      0.80     14.40    112.04    419.26   1047.68   2009.48   3180.63   4342.35   5195.20   5452.29   4885.07   3502.47   1722.70    234.15  32118.53 
.30     0.00      0.02      1.84     33.75    262.52    961.70   2351.86   4426.88   6901.28   9192.45  10658.28  10805.01   9387.28   6592.53   3193.92    420.23  65189.55 
.40     0.00      0.05      3.13     50.67    369.33   1289.85   3077.99   5708.25   8822.72  11627.69  13331.31  13322.36  11396.19   7868.17   3712.33    458.05  81038.09 
.50     0.01      0.37      8.53    103.22    661.22   2166.88   4792.00   8346.12  12140.65  15294.74  16924.51  16383.00  13582.42   9119.05   4205.77    526.05  104254.54 
.60     0.00      0.05      5.06     91.74    687.79   2410.25   5491.82   9581.87  13903.57  17398.32  18937.74  17926.10  14494.87   9429.93   4195.37    506.63  115061.11 
.70     0.00      0.25     10.92    155.62   1026.33   3287.35   7113.85  11928.05  16564.07  19799.40  20622.23  18679.92  14454.91   9053.62   3896.38    446.87  127039.77 
.80     0.00      0.56     19.92    254.31   1553.60   4662.48   9529.18  15229.94  20242.91  23034.08  22826.59  19749.80  14611.91   8708.65   3566.92    393.47  144384.32 
.90     0.00      1.00     32.80    390.97   2228.19   6220.07  11877.76  17844.11  22506.50  24627.48  23674.12  19957.75  14431.24   8457.67   3402.03    368.21  156019.90 
1.00     0.01      1.89     48.48    493.73   2499.97   6365.90  11132.52  15166.85  17253.21  16964.32  14613.38  10992.33   7074.31   3673.05   1303.61    128.47  107712.03 
1.10     0.16      5.84     93.79    742.43   3184.88   7166.50  11432.24  14506.31  15626.68  14679.33  12182.11   8911.33   5617.83   2885.59   1023.72    101.40  98160.14 
1.20     0.15      6.46    108.21    846.86   3506.34   7494.41  11491.14  14223.98  14947.53  13727.82  11136.10   7965.95   4921.58   2461.48    839.85     76.07  93753.93 
1.30     0.26      8.34    115.49    787.99   2938.76   5809.54   8155.62   9266.37   9026.31   7746.85   5938.13   4064.43   2423.34   1187.67    398.30     36.90  57904.30 
1.40     0.25      7.26     92.68    587.75   2055.98   3842.36   5162.64   5630.65   5255.88   4289.71   3078.29   1942.25   1059.77    475.73    148.70     13.72  33643.62 
1.50     0.27      6.87     77.90    446.48   1425.60   2433.97   3066.05   3163.69   2810.70   2198.97   1523.26    929.91    487.24    221.56     72.37      6.45  18871.29 
1.60     0.10      2.11     20.53    103.44    292.69    442.78    492.62    430.63    313.97    203.38    120.28     63.72     28.80     10.55      2.60      0.16   2528.36 
1.70     0.01      0.21      2.02      9.88     26.69     36.49     30.44     19.50     10.74      5.35      2.46      0.86      0.20      0.04      0.00      0.00    144.89 
1.80     0.07      1.42     13.33     65.13    181.62    281.35    321.12    300.03    234.18    161.52    101.31     57.61     29.55     12.53      3.68      0.40   1764.85 
1.90     0.01      0.20      1.83      8.97     26.25     47.81     64.23     70.35     64.59     49.92     32.95     18.50      8.69      3.24      0.84      0.08    398.46 
2.00     0.00      0.00      0.00      0.00      0.00      0.00      0.00      0.00      0.00      0.00      0.00      0.00      0.00      0.00      0.00      0.00      0.00 
2.10     0.01      0.20      1.83      8.65     22.98     32.83     37.54     32.60     19.78      9.48      3.47      1.14      0.33      0.06      0.00      0.00    170.90 
2.20     0.00      0.00      0.00      0.00      0.00      0.00      0.00      0.00      0.00      0.00      0.00      0.00      0.00      0.00      0.00      0.00      0.00 
2.30     0.00      0.00      0.00      0.00      0.00      0.00      0.00      0.00      0.00      0.00      0.00      0.00      0.00      0.00      0.00      0.00      0.00 
2.40     0.00      0.00      0.00      0.00      0.00      0.00      0.00      0.00      0.00      0.00      0.00      0.00      0.00      0.00      0.00      0.00      0.00 
2.50     0.00      0.00      0.00      0.00      0.00      0.00      0.00      0.00      0.00      0.00      0.00      0.00      0.00      0.00      0.00      0.00      0.00 
2.60     0.00      0.00      0.00      0.00      0.00      0.00      0.00      0.00      0.00      0.00      0.00      0.00      0.00      0.00      0.00      0.00      0.00 
2.70     0.00      0.00      0.00      0.00      0.00      0.00      0.00      0.00      0.00      0.00      0.00      0.00      0.00      0.00      0.00      0.00      0.00 
2.80     0.00      0.00      0.00      0.00      0.00      0.00      0.00      0.00      0.00      0.00      0.00      0.00      0.00      0.00      0.00      0.00      0.00 
2.90     0.00      0.00      0.00      0.00      0.00      0.00      0.00      0.00      0.00      0.00      0.00      0.00      0.00      0.00      0.00      0.00      0.00 
3.00     0.00      0.00      0.00      0.00      0.00      0.00      0.00      0.00      0.00      0.00      0.00      0.00      0.00      0.00      0.00      0.00      0.00 
