.20     0.00      0.00      0.00      0.00      0.00      0.00      0.00      0.00      0.00      0.00      0.00      0.00      0.00 
.40     0.00      0.00      0.00      0.00      0.00      0.00      0.00      0.00      0.00      0.00      0.00      0.00      0.00 
.60     0.00      0.00      0.00      0.01      0.01      0.00      0.00      0.00      0.01      0.00      0.00      0.03      0.00 
.80     0.00      0.00      0.00      0.02      0.00      0.00      0.00      0.00      0.00      0.00      0.00      0.02      0.00 
1.00     0.00      0.00      0.00      0.00      0.01      0.00      0.00      0.00      0.00      0.00      0.00      0.01      0.00 
1.20     0.00      0.00      0.00      0.01      0.02      0.00      0.00      0.00      0.00      0.00      0.00      0.03      0.00 
1.40     0.00      0.00      0.00      0.04      0.00      0.00      0.00      0.00      0.00      0.00      0.00      0.04      0.00 
1.60     0.00      0.00      0.00      0.06      0.03      0.01      0.02      0.00      0.00      0.00      0.00      0.12      0.01 
1.80     0.00      0.00      0.00      0.05      0.01      0.04      0.00      0.00      0.00      0.00      0.00      0.10      0.03 
2.00     0.00      0.00      0.00      0.08      0.00      0.00      0.00      0.00      0.00      0.00      0.00      0.08      0.00 
2.20     0.00      0.00      0.00      0.09      0.01      0.00      0.00      0.00      0.00      0.00      0.00      0.10      0.00 
2.40     0.00      0.00      0.00      0.09      0.00      0.06      0.02      0.01      0.00      0.00      0.00      0.18      0.00 
2.60     0.00      0.00      0.00      0.06      0.06      0.02      0.01      0.01      0.00      0.00      0.00      0.16      0.00 
2.80     0.00      0.00      0.00      0.13      0.02      0.00      0.00      0.00      0.00      0.02      0.01      0.18      0.01 
3.00     0.00      0.00      0.00      0.06      0.05      0.07      0.01      0.02      0.01      0.07      0.00      0.29      0.01 
3.20     0.00      0.00      0.00      0.07      0.03      0.03      0.04      0.18      0.49      0.41      0.08      1.33      0.12 
3.40     0.00      0.00      0.00      0.05      0.14      0.71      2.06      2.93      2.81      1.59      0.16     10.45      2.16 
3.60     0.00      0.00      0.00      0.42      1.46      3.30      6.04      6.63      5.33      2.02      0.13     25.33      6.94 
3.80     0.00      0.01      0.75      3.36      7.63     10.17      9.11      5.28      2.30      0.40      0.01     39.02     13.77 
4.00     0.00      0.89      4.02      6.29      5.48      3.64      1.69      0.52      0.11      0.02      0.00     22.66      7.86 
4.20     0.22      1.13      2.31      1.41      0.51      0.16      0.05      0.04      0.00      0.00      0.00      5.83      1.25 
4.40     0.19      0.39      0.31      0.15      0.02      0.01      0.00      0.00      0.00      0.00      0.00      1.07      0.13 
4.60     0.05      0.00      0.00      0.00      0.00      0.00      0.00      0.00      0.00      0.00      0.00      0.05      0.00 
4.80     0.00      0.00      0.00      0.00      0.00      0.00      0.00      0.00      0.00      0.00      0.00      0.00      0.00 
5.00     0.00      0.00      0.00      0.00      0.00      0.00      0.00      0.00      0.00      0.00      0.00      0.00      0.00 
5.20     0.00      0.00      0.00      0.00      0.00      0.00      0.00      0.00      0.00      0.00      0.00      0.00      0.00 
5.40     0.00      0.00      0.00      0.00      0.00      0.00      0.00      0.00      0.00      0.00      0.00      0.00      0.00 
5.60     0.00      0.00      0.00      0.00      0.00      0.00      0.00      0.00      0.00      0.00      0.00      0.00      0.00 
5.80     0.00      0.00      0.00      0.00      0.00      0.00      0.00      0.00      0.00      0.00      0.00      0.00      0.00 
6.00     0.00      0.00      0.00      0.00      0.00      0.00      0.00      0.00      0.00      0.00      0.00      0.00      0.00 
6.20     0.00      0.00      0.00      0.00      0.00      0.00      0.00      0.00      0.00      0.00      0.00      0.00      0.00 
6.40     0.00      0.00      0.00      0.00      0.00      0.00      0.00      0.00      0.00      0.00      0.00      0.00      0.00 
6.60     0.00      0.00      0.00      0.00      0.00      0.00      0.00      0.00      0.00      0.00      0.00      0.00      0.00 
6.80     0.00      0.00      0.00      0.00      0.00      0.00      0.00      0.00      0.00      0.00      0.00      0.00      0.00 
7.00     0.00      0.00      0.00      0.00      0.00      0.00      0.00      0.00      0.00      0.00      0.00      0.00      0.00 
7.20     0.00      0.00      0.00      0.00      0.00      0.00      0.00      0.00      0.00      0.00      0.00      0.00      0.00 
7.40     0.00      0.00      0.00      0.00      0.00      0.00      0.00      0.00      0.00      0.00      0.00      0.00      0.00 
7.60     0.00      0.00      0.00      0.00      0.00      0.00      0.00      0.00      0.00      0.00      0.00      0.00      0.00 
7.80     0.00      0.00      0.00      0.00      0.00      0.00      0.00      0.00      0.00      0.00      0.00      0.00      0.00 
8.00     0.00      0.00      0.00      0.00      0.00      0.00      0.00      0.00      0.00      0.00      0.00      0.00      0.00 
