.20     0.00      0.00      0.00      0.00      0.00      0.00      0.00      0.00      0.00      0.00      0.00      0.00 
.40     0.00      0.00      0.00      0.00      0.00      0.00      0.00      0.00      0.00      0.00      0.00      0.00 
.60     0.00      0.00      0.00      0.01      0.01      0.00      0.00      0.00      0.01      0.00      0.00      0.03 
.80     0.00      0.00      0.00      0.02      0.00      0.00      0.00      0.00      0.00      0.00      0.00      0.02 
1.00     0.00      0.00      0.00      0.00      0.01      0.00      0.00      0.00      0.00      0.00      0.00      0.01 
1.20     0.00      0.00      0.00      0.01      0.02      0.00      0.00      0.00      0.00      0.00      0.00      0.03 
1.40     0.00      0.00      0.00      0.04      0.00      0.00      0.00      0.00      0.00      0.00      0.00      0.04 
1.60     0.00      0.00      0.00      0.06      0.03      0.01      0.04      0.16      0.00      0.00      0.00      0.30 
1.80     0.00      0.00      0.00      0.05      0.01      0.08      0.00      0.00      0.00      0.00      0.00      0.14 
2.00     0.00      0.00      0.00      0.08      0.00      0.00      0.00      0.00      0.00      0.00      0.00      0.08 
2.20     0.00      0.00      0.00      0.09      0.01      0.00      0.00      0.00      0.00      0.00      0.00      0.10 
2.40     0.00      0.00      0.00      0.09      0.00      0.06      0.02      0.17      0.00      0.16      0.00      0.50 
2.60     0.00      0.00      0.00      0.06      0.06      0.02      0.01      0.17      0.00      0.42      0.00      0.74 
2.80     0.00      0.00      0.00      0.13      0.03      0.00      0.00      0.00      0.00      0.04      0.01      0.21 
3.00     0.00      0.00      0.00      0.06      0.05      0.09      0.01      0.02      0.02      0.08      0.00      0.33 
3.20     0.00      0.00      0.00      0.07      0.03      0.03      0.04      0.24      0.61      0.63      0.08      1.73 
3.40     0.00      0.00      0.00      0.05      0.15      0.95      3.08      5.37      4.99      3.68      0.16     18.43 
3.60     0.00      0.00      0.00      0.53      2.29      5.74     10.41     11.88     10.03      4.83      0.13     45.84 
3.80     0.00      0.01      0.91      5.91     15.16     19.84     17.42     11.18      5.23      1.32      0.01     76.99 
4.00     0.00      0.89      5.98     12.09     10.88      7.12      3.39      1.16      0.30      0.05      0.00     41.86 
4.20     0.22      1.13      3.34      2.24      0.82      0.26      0.06      0.05      0.00      0.00      0.00      8.12 
4.40     0.19      0.39      0.43      0.20      0.07      0.01      0.00      0.00      0.00      0.00      0.00      1.29 
4.60     0.05      0.00      0.00      0.00      0.00      0.00      0.00      0.00      0.00      0.00      0.00      0.05 
4.80     0.00      0.00      0.00      0.00      0.00      0.00      0.00      0.00      0.00      0.00      0.00      0.00 
5.00     0.00      0.00      0.00      0.00      0.00      0.00      0.00      0.00      0.00      0.00      0.00      0.00 
5.20     0.00      0.00      0.00      0.00      0.00      0.00      0.00      0.00      0.00      0.00      0.00      0.00 
5.40     0.00      0.00      0.00      0.00      0.00      0.00      0.00      0.00      0.00      0.00      0.00      0.00 
5.60     0.00      0.00      0.00      0.00      0.00      0.00      0.00      0.00      0.00      0.00      0.00      0.00 
5.80     0.00      0.00      0.00      0.00      0.00      0.00      0.00      0.00      0.00      0.00      0.00      0.00 
6.00     0.00      0.00      0.00      0.00      0.00      0.00      0.00      0.00      0.00      0.00      0.00      0.00 
6.20     0.00      0.00      0.00      0.00      0.00      0.00      0.00      0.00      0.00      0.00      0.00      0.00 
6.40     0.00      0.00      0.00      0.00      0.00      0.00      0.00      0.00      0.00      0.00      0.00      0.00 
6.60     0.00      0.00      0.00      0.00      0.00      0.00      0.00      0.00      0.00      0.00      0.00      0.00 
6.80     0.00      0.00      0.00      0.00      0.00      0.00      0.00      0.00      0.00      0.00      0.00      0.00 
7.00     0.00      0.00      0.00      0.00      0.00      0.00      0.00      0.00      0.00      0.00      0.00      0.00 
7.20     0.00      0.00      0.00      0.00      0.00      0.00      0.00      0.00      0.00      0.00      0.00      0.00 
7.40     0.00      0.00      0.00      0.00      0.00      0.00      0.00      0.00      0.00      0.00      0.00      0.00 
7.60     0.00      0.00      0.00      0.00      0.00      0.00      0.00      0.00      0.00      0.00      0.00      0.00 
7.80     0.00      0.00      0.00      0.00      0.00      0.00      0.00      0.00      0.00      0.00      0.00      0.00 
8.00     0.00      0.00      0.00      0.00      0.00      0.00      0.00      0.00      0.00      0.00      0.00      0.00 
