.20     0.00      0.00      0.00      0.00      0.00      0.00      0.00      0.00      0.00      0.00      0.00      0.00 
.40     0.00      0.00      0.00      0.00      0.00      0.00      0.00      0.00      0.00      0.00      0.00      0.00 
.60     0.00      0.00      0.00      0.01      0.11      0.48      1.54      3.34      4.72      3.94      1.19     15.33 
.80     0.00      0.00      0.00      0.02      0.20      0.85      2.24      4.30      5.58      4.32      1.12     18.63 
1.00     0.00      0.00      0.00      0.00      0.01      0.09      0.28      0.57      0.74      0.60      0.20      2.49 
1.20     0.00      0.00      0.00      0.01      0.11      0.42      1.23      2.52      3.37      3.05      0.79     11.50 
1.40     0.00      0.00      0.00      0.04      0.40      1.75      4.66      8.48     10.58      8.79      2.29     36.99 
1.60     0.00      0.00      0.00      0.06      0.64      2.81      7.09     13.24     17.66     15.08      4.09     60.67 
1.80     0.00      0.00      0.00      0.05      0.59      2.93      8.58     16.58     21.50     16.87      4.33     71.43 
2.00     0.00      0.00      0.00      0.08      0.93      3.83      8.67     13.89     16.18     12.47      3.26     59.31 
2.20     0.00      0.00      0.00      0.09      1.01      4.27     10.77     18.62     22.11     16.61      4.64     78.12 
2.40     0.00      0.00      0.00      0.09      1.04      4.45     10.87     18.91     24.62     19.95      5.53     85.46 
2.60     0.00      0.00      0.00      0.06      0.69      3.31      9.62     18.14     22.87     18.14      4.93     77.76 
2.80     0.00      0.00      0.00      0.13      1.43      6.02     14.26     23.99     29.75     24.89      6.87    107.34 
3.00     0.00      0.00      0.00      0.06      0.70      3.48      9.89     17.90     22.17     17.47      5.10     76.77 
3.20     0.00      0.00      0.00      0.07      0.80      3.56      9.17     16.01     20.53     18.28      6.01     74.43 
3.40     0.00      0.00      0.00      0.05      0.70      4.20     16.78     46.65     83.42     87.25     27.04    266.09 
3.60     0.00      0.00      0.00      0.53      6.99     35.18    106.66    214.31    285.44    227.36     56.78    933.25 
3.80     0.00      0.01      1.09     17.98    115.85    362.17    685.50    879.00    771.64    415.35     73.08   3321.67 
4.00     0.00      0.89     19.20    143.57    499.90    937.99   1168.12   1042.82    664.12    269.16     36.75   4782.52 
4.20     0.22      4.92     45.37    197.38    455.18    601.72    549.84    376.91    193.27     65.88      7.85   2498.54 
4.40     0.19      3.22     22.71     77.01    144.67    163.29    133.39     84.50     40.64     13.06      1.46    684.14 
4.60     0.05      0.64      3.61     10.67     18.46     19.91     15.09      8.45      3.56      0.99      0.11     81.54 
4.80     0.00      0.00      0.00      0.00      0.00      0.00      0.00      0.00      0.00      0.00      0.00      0.00 
5.00     0.00      0.00      0.00      0.00      0.00      0.00      0.00      0.00      0.00      0.00      0.00      0.00 
5.20     0.00      0.00      0.00      0.00      0.00      0.00      0.00      0.00      0.00      0.00      0.00      0.00 
5.40     0.00      0.00      0.00      0.00      0.00      0.00      0.00      0.00      0.00      0.00      0.00      0.00 
5.60     0.00      0.00      0.00      0.00      0.00      0.00      0.00      0.00      0.00      0.00      0.00      0.00 
5.80     0.00      0.00      0.00      0.00      0.00      0.00      0.00      0.00      0.00      0.00      0.00      0.00 
6.00     0.00      0.00      0.00      0.00      0.00      0.00      0.00      0.00      0.00      0.00      0.00      0.00 
6.20     0.00      0.00      0.00      0.00      0.00      0.00      0.00      0.00      0.00      0.00      0.00      0.00 
6.40     0.00      0.00      0.00      0.00      0.00      0.00      0.00      0.00      0.00      0.00      0.00      0.00 
6.60     0.00      0.00      0.00      0.00      0.00      0.00      0.00      0.00      0.00      0.00      0.00      0.00 
6.80     0.00      0.00      0.00      0.00      0.00      0.00      0.00      0.00      0.00      0.00      0.00      0.00 
7.00     0.00      0.00      0.00      0.00      0.00      0.00      0.00      0.00      0.00      0.00      0.00      0.00 
7.20     0.00      0.00      0.00      0.00      0.00      0.00      0.00      0.00      0.00      0.00      0.00      0.00 
7.40     0.00      0.00      0.00      0.00      0.00      0.00      0.00      0.00      0.00      0.00      0.00      0.00 
7.60     0.00      0.00      0.00      0.00      0.00      0.00      0.00      0.00      0.00      0.00      0.00      0.00 
7.80     0.00      0.00      0.00      0.00      0.00      0.00      0.00      0.00      0.00      0.00      0.00      0.00 
8.00     0.00      0.00      0.00      0.00      0.00      0.00      0.00      0.00      0.00      0.00      0.00      0.00 
