.10     0.00      0.00      0.09      1.18      6.47     18.69     36.12     50.80     52.31     35.43      8.28    209.37 
.20     0.00      0.03      0.81      7.72     35.43     90.28    155.63    201.77    195.26    123.53     28.19    838.65 
.30     0.00      0.00      0.57      8.05     44.31    126.74    236.75    321.73    319.27    208.99     47.93   1314.34 
.40     0.00      0.00      0.66      8.92     47.53    131.48    240.36    321.66    314.37    202.07     44.23   1311.28 
.50     0.00      0.02      1.20     13.74     68.06    180.22    322.21    419.80    396.82    244.60     52.20   1698.87 
.60     0.00      0.05      2.05     22.13    105.80    270.87    463.74    577.84    527.31    312.07     64.29   2346.15 
.70     0.00      0.30      6.89     57.73    236.32    542.44    859.26   1009.53    878.67    504.03    100.25   4195.42 
.80     0.00      0.26      6.88     60.80    254.14    586.32    922.34   1073.96    921.90    521.15    102.53   4450.28 
.90     0.02      1.03     15.96    106.72    370.79    739.79   1028.72   1080.99    851.23    447.28     80.33   4722.86 
1.00     0.04      1.71     25.39    165.63    564.72   1112.49   1524.51   1560.78   1185.23    597.70    104.85   6843.05 
1.10     0.07      2.71     33.86    190.01    567.45    994.08   1231.60   1147.07    797.00    372.29     61.59   5397.73 
1.20     0.17      4.33     44.31    218.27    592.59    962.54   1115.88    981.47    649.78    289.46     45.33   4904.13 
1.30     0.36      7.13     60.32    256.00    614.09    892.66    941.75    770.44    483.59    206.28     31.29   4263.91 
1.40     0.26      4.95     39.47    155.66    343.23    457.22    438.20    319.56    176.10     65.28      8.70   2008.63 
1.50     0.22      3.73     27.20     99.99    210.75    274.43    260.06    190.12    104.83     38.63      4.91   1214.87 
1.60     0.16      2.26     14.18     45.98     86.60    100.81     87.15     59.78     32.17     11.82      1.42    442.33 
1.70     0.16      2.31     14.68     48.22     91.67    107.40     91.05     58.76     28.10      9.03      1.05    452.43 
1.80     0.02      0.25      1.39      4.01      6.46      6.02      4.13      2.19      0.86      0.19      0.01     25.53 
1.90     0.03      0.43      2.72      8.94     16.77     18.84     15.28      9.68      4.45      1.22      0.12     78.48 
2.00     0.00      0.00      0.00      0.00      0.00      0.00      0.00      0.00      0.00      0.00      0.00      0.00 
2.10     0.00      0.00      0.00      0.00      0.00      0.00      0.00      0.00      0.00      0.00      0.00      0.00 
2.20     0.00      0.00      0.00      0.00      0.00      0.00      0.00      0.00      0.00      0.00      0.00      0.00 
2.30     0.00      0.00      0.00      0.00      0.00      0.00      0.00      0.00      0.00      0.00      0.00      0.00 
2.40     0.00      0.00      0.00      0.00      0.00      0.00      0.00      0.00      0.00      0.00      0.00      0.00 
2.50     0.00      0.00      0.00      0.00      0.00      0.00      0.00      0.00      0.00      0.00      0.00      0.00 
2.60     0.00      0.00      0.00      0.00      0.00      0.00      0.00      0.00      0.00      0.00      0.00      0.00 
2.70     0.00      0.00      0.00      0.00      0.00      0.00      0.00      0.00      0.00      0.00      0.00      0.00 
2.80     0.00      0.00      0.00      0.00      0.00      0.00      0.00      0.00      0.00      0.00      0.00      0.00 
2.90     0.00      0.00      0.00      0.00      0.00      0.00      0.00      0.00      0.00      0.00      0.00      0.00 
3.00     0.00      0.00      0.00      0.00      0.00      0.00      0.00      0.00      0.00      0.00      0.00      0.00 
