.10     0.00      0.00      0.08      0.00      0.00      0.00      0.00      0.00      0.00      0.00      0.00      0.08 
.20     0.00      0.01      0.37      0.00      0.00      0.00      0.00      0.00      0.00      0.00      0.00      0.38 
.30     0.00      0.03      0.58      0.00      0.00      0.00      0.00      0.00      0.00      0.00      0.00      0.61 
.40     0.00      0.01      0.60      0.00      0.00      0.00      0.00      0.00      0.00      0.00      0.00      0.61 
.50     0.00      0.06      0.90      0.00      0.00      0.00      0.00      0.00      0.00      0.00      0.00      0.96 
.60     0.01      0.07      1.33      0.00      0.00      0.00      0.00      0.00      0.00      0.00      0.00      1.41 
.70     0.00      0.21      1.83      0.00      0.00      0.00      0.00      0.00      0.00      0.00      0.00      2.04 
.80     0.00      0.31      2.09      0.00      0.00      0.00      0.00      0.00      0.00      0.00      0.00      2.40 
.90     0.02      0.53      2.26      0.00      0.00      0.00      0.00      0.00      0.00      0.00      0.00      2.81 
1.00     0.02      0.95      3.06      0.00      0.00      0.00      0.00      0.00      0.00      0.00      0.00      4.03 
1.10     0.13      1.39      1.98      0.00      0.00      0.00      0.00      0.00      0.00      0.00      0.00      3.50 
1.20     0.20      1.39      1.56      0.00      0.00      0.00      0.00      0.00      0.00      0.00      0.00      3.15 
1.30     0.27      1.42      0.70      0.00      0.00      0.00      0.00      0.00      0.00      0.00      0.00      2.39 
1.40     0.25      1.00      0.67      0.00      0.00      0.00      0.00      0.00      0.00      0.00      0.00      1.92 
1.50     0.18      0.37      0.28      0.00      0.00      0.00      0.00      0.00      0.00      0.00      0.00      0.83 
1.60     0.19      0.18      0.04      0.00      0.00      0.00      0.00      0.00      0.00      0.00      0.00      0.41 
1.70     0.08      0.09      0.00      0.00      0.00      0.00      0.00      0.00      0.00      0.00      0.00      0.17 
1.80     0.02      0.00      0.00      0.00      0.00      0.00      0.00      0.00      0.00      0.00      0.00      0.02 
1.90     0.00      0.00      0.00      0.00      0.00      0.00      0.00      0.00      0.00      0.00      0.00      0.00 
2.00     0.00      0.00      0.00      0.00      0.00      0.00      0.00      0.00      0.00      0.00      0.00      0.00 
2.10     0.00      0.00      0.00      0.00      0.00      0.00      0.00      0.00      0.00      0.00      0.00      0.00 
2.20     0.00      0.00      0.00      0.00      0.00      0.00      0.00      0.00      0.00      0.00      0.00      0.00 
2.30     0.00      0.00      0.00      0.00      0.00      0.00      0.00      0.00      0.00      0.00      0.00      0.00 
2.40     0.00      0.00      0.00      0.00      0.00      0.00      0.00      0.00      0.00      0.00      0.00      0.00 
2.50     0.00      0.00      0.00      0.00      0.00      0.00      0.00      0.00      0.00      0.00      0.00      0.00 
2.60     0.00      0.00      0.00      0.00      0.00      0.00      0.00      0.00      0.00      0.00      0.00      0.00 
2.70     0.00      0.00      0.00      0.00      0.00      0.00      0.00      0.00      0.00      0.00      0.00      0.00 
2.80     0.00      0.00      0.00      0.00      0.00      0.00      0.00      0.00      0.00      0.00      0.00      0.00 
2.90     0.00      0.00      0.00      0.00      0.00      0.00      0.00      0.00      0.00      0.00      0.00      0.00 
3.00     0.00      0.00      0.00      0.00      0.00      0.00      0.00      0.00      0.00      0.00      0.00      0.00 
