.10     0.00      0.00      0.08      0.00      0.00      0.00      0.00      0.00      0.00      0.00      0.00      0.08      0.00 
.20     0.00      0.01      0.36      0.00      0.00      0.00      0.00      0.00      0.00      0.00      0.00      0.37      0.00 
.30     0.00      0.03      0.57      0.00      0.00      0.00      0.00      0.00      0.00      0.00      0.00      0.60      0.01 
.40     0.00      0.01      0.58      0.00      0.00      0.00      0.00      0.00      0.00      0.00      0.00      0.59      0.02 
.50     0.00      0.06      0.85      0.00      0.00      0.00      0.00      0.00      0.00      0.00      0.00      0.91      0.04 
.60     0.01      0.07      1.13      0.00      0.00      0.00      0.00      0.00      0.00      0.00      0.00      1.21      0.19 
.70     0.00      0.21      1.54      0.00      0.00      0.00      0.00      0.00      0.00      0.00      0.00      1.75      0.25 
.80     0.00      0.31      1.92      0.00      0.00      0.00      0.00      0.00      0.00      0.00      0.00      2.23      0.13 
.90     0.02      0.53      2.01      0.00      0.00      0.00      0.00      0.00      0.00      0.00      0.00      2.56      0.21 
1.00     0.02      0.95      2.42      0.00      0.00      0.00      0.00      0.00      0.00      0.00      0.00      3.39      0.45 
1.10     0.13      1.39      1.68      0.00      0.00      0.00      0.00      0.00      0.00      0.00      0.00      3.20      0.24 
1.20     0.20      1.39      1.24      0.00      0.00      0.00      0.00      0.00      0.00      0.00      0.00      2.83      0.22 
1.30     0.27      1.42      0.57      0.00      0.00      0.00      0.00      0.00      0.00      0.00      0.00      2.26      0.10 
1.40     0.25      1.00      0.59      0.00      0.00      0.00      0.00      0.00      0.00      0.00      0.00      1.84      0.06 
1.50     0.18      0.37      0.21      0.00      0.00      0.00      0.00      0.00      0.00      0.00      0.00      0.76      0.07 
1.60     0.19      0.18      0.03      0.00      0.00      0.00      0.00      0.00      0.00      0.00      0.00      0.40      0.00 
1.70     0.08      0.09      0.00      0.00      0.00      0.00      0.00      0.00      0.00      0.00      0.00      0.17      0.00 
1.80     0.02      0.00      0.00      0.00      0.00      0.00      0.00      0.00      0.00      0.00      0.00      0.02      0.00 
1.90     0.00      0.00      0.00      0.00      0.00      0.00      0.00      0.00      0.00      0.00      0.00      0.00      0.00 
2.00     0.00      0.00      0.00      0.00      0.00      0.00      0.00      0.00      0.00      0.00      0.00      0.00      0.00 
2.10     0.00      0.00      0.00      0.00      0.00      0.00      0.00      0.00      0.00      0.00      0.00      0.00      0.00 
2.20     0.00      0.00      0.00      0.00      0.00      0.00      0.00      0.00      0.00      0.00      0.00      0.00      0.00 
2.30     0.00      0.00      0.00      0.00      0.00      0.00      0.00      0.00      0.00      0.00      0.00      0.00      0.00 
2.40     0.00      0.00      0.00      0.00      0.00      0.00      0.00      0.00      0.00      0.00      0.00      0.00      0.00 
2.50     0.00      0.00      0.00      0.00      0.00      0.00      0.00      0.00      0.00      0.00      0.00      0.00      0.00 
2.60     0.00      0.00      0.00      0.00      0.00      0.00      0.00      0.00      0.00      0.00      0.00      0.00      0.00 
2.70     0.00      0.00      0.00      0.00      0.00      0.00      0.00      0.00      0.00      0.00      0.00      0.00      0.00 
2.80     0.00      0.00      0.00      0.00      0.00      0.00      0.00      0.00      0.00      0.00      0.00      0.00      0.00 
2.90     0.00      0.00      0.00      0.00      0.00      0.00      0.00      0.00      0.00      0.00      0.00      0.00      0.00 
3.00     0.00      0.00      0.00      0.00      0.00      0.00      0.00      0.00      0.00      0.00      0.00      0.00      0.00 
