.10     0.00      0.00      0.08      1.23      6.52     17.58     33.44     46.56     47.83     32.52      7.73    193.49 
.20     0.00      0.01      0.55      6.39     32.61     90.13    169.39    228.29    223.25    146.25     34.07    930.94 
.30     0.00      0.03      1.09     11.29     54.31    142.95    256.20    337.96    324.73    203.26     45.52   1377.34 
.40     0.00      0.01      0.78      9.52     48.98    134.15    247.52    334.90    334.09    219.86     48.72   1378.53 
.50     0.00      0.06      1.96     19.15     89.00    229.32    403.85    523.59    502.30    314.81     67.74   2151.78 
.60     0.01      0.27      4.38     34.60    144.15    343.58    564.72    687.54    621.87    370.47     75.88   2847.47 
.70     0.00      0.21      5.52     48.91    207.50    488.10    784.16    932.00    814.58    470.99     93.64   3845.61 
.80     0.00      0.31      7.30     61.16    248.89    564.99    873.00    993.93    834.55    461.15     88.83   4134.11 
.90     0.02      0.92     14.58    101.16    365.50    761.00   1092.84   1169.77    931.86    492.28     88.69   5018.62 
1.00     0.02      1.34     21.48    144.60    497.98    982.79   1348.30   1380.62   1048.02    527.47     92.21   6044.83 
1.10     0.13      3.81     42.93    228.26    664.36   1149.33   1414.62   1318.12    920.50    429.34     69.39   6240.79 
1.20     0.20      4.75     46.61    222.57    587.79    926.24   1042.73    892.19    577.80    251.06     38.12   4590.06 
1.30     0.27      5.89     52.54    229.48    559.57    825.66    880.03    716.48    441.39    183.77     26.83   3921.91 
1.40     0.25      5.15     44.47    189.52    451.92    649.68    675.87    542.54    329.34    133.82     19.31   3041.87 
1.50     0.18      3.00     22.18     84.61    183.83    240.92    221.45    154.57     81.56     28.69      3.56   1024.55 
1.60     0.19      2.88     19.20     66.51    133.29    165.12    146.32     97.36     47.96     15.79      2.15    696.77 
1.70     0.08      1.23      8.19     28.03     55.32     67.54     60.21     41.26     21.38      7.80      0.92    291.96 
1.80     0.02      0.32      2.23      7.94     16.07     19.78     17.49     11.50      5.38      1.54      0.17     82.44 
1.90     0.00      0.00      0.00      0.00      0.00      0.00      0.00      0.00      0.00      0.00      0.00      0.00 
2.00     0.00      0.00      0.00      0.00      0.00      0.00      0.00      0.00      0.00      0.00      0.00      0.00 
2.10     0.00      0.00      0.00      0.00      0.00      0.00      0.00      0.00      0.00      0.00      0.00      0.00 
2.20     0.00      0.00      0.00      0.00      0.00      0.00      0.00      0.00      0.00      0.00      0.00      0.00 
2.30     0.00      0.00      0.00      0.00      0.00      0.00      0.00      0.00      0.00      0.00      0.00      0.00 
2.40     0.00      0.00      0.00      0.00      0.00      0.00      0.00      0.00      0.00      0.00      0.00      0.00 
2.50     0.00      0.00      0.00      0.00      0.00      0.00      0.00      0.00      0.00      0.00      0.00      0.00 
2.60     0.00      0.00      0.00      0.00      0.00      0.00      0.00      0.00      0.00      0.00      0.00      0.00 
2.70     0.00      0.00      0.00      0.00      0.00      0.00      0.00      0.00      0.00      0.00      0.00      0.00 
2.80     0.00      0.00      0.00      0.00      0.00      0.00      0.00      0.00      0.00      0.00      0.00      0.00 
2.90     0.00      0.00      0.00      0.00      0.00      0.00      0.00      0.00      0.00      0.00      0.00      0.00 
3.00     0.00      0.00      0.00      0.00      0.00      0.00      0.00      0.00      0.00      0.00      0.00      0.00 
