.20     0.00      0.00      0.00      1.33     21.61    118.00    390.10    961.88   1909.27   3130.99   4358.16   5155.81   5130.16   4063.60   2190.14    309.88  27740.93 
.40     0.00      0.00      0.00      2.90     49.39    288.67    985.72   2360.27   4416.95   6848.31   8993.88  10024.99   9318.91   6839.26   3386.65    448.93  53964.83 
.60     0.00      0.00      0.03      5.27     83.83    464.32   1520.14   3580.19   6684.49  10249.84  13168.10  14240.78  12791.79   9012.84   4211.68    513.62  76526.92 
.80     0.00      0.00      0.05      7.54    119.93    678.87   2248.97   5283.97   9611.38  14158.72  17313.53  17665.84  14791.74   9639.74   4183.04    474.36  96177.68 
1.00     0.00      0.00      0.11     11.33    177.59    998.58   3190.81   7117.56  12280.83  17126.69  19658.97  18695.93  14552.50   8837.76   3560.84    372.03  106581.53 
1.20     0.00      0.00      0.09     14.95    239.40   1322.23   4221.84   9392.41  15782.30  21003.94  22789.10  20435.00  14991.54   8561.45   3246.86    324.87  122325.98 
1.40     0.00      0.00      0.20     19.46    299.69   1637.24   5066.51  10649.50  16733.62  20815.88  21132.03  17708.60  12129.59   6467.22   2305.75    219.88  115185.17 
1.60     0.00      0.00      0.19     26.50    425.08   2252.79   6610.99  13004.69  19053.15  22031.43  20828.57  16298.50  10452.95   5255.29   1765.52    158.90  118164.55 
1.80     0.00      0.00      0.50     40.30    591.51   2991.30   8204.70  15130.78  20765.65  22528.76  20074.55  14893.50   9107.75   4385.91   1424.61    122.86  120262.68 
2.00     0.00      0.00      1.12     64.07    844.39   3884.47   9837.37  16654.25  21059.26  21198.16  17582.99  12184.54   6992.86   3168.30    957.70     78.25  114507.73 
2.20     0.00      0.01      2.76    116.32   1288.05   5130.37  11412.39  17342.12  19970.72  18519.16  14284.52   9278.30   5014.41   2147.84    626.61     50.46  105184.04 
2.40     0.00      0.05      6.11    188.28   1759.88   6138.48  12305.80  17067.47  18076.61  15499.04  11140.20   6803.45   3506.90   1448.63    410.22     32.95  94384.07 
2.60     0.00      0.08     11.63    292.72   2309.89   7003.56  12515.98  15780.08  15467.51  12489.02   8573.86   5062.58   2530.16   1016.20    279.81     20.85  83353.93 
2.80     0.00      0.44     26.78    454.31   2861.70   7443.41  11876.13  13752.79  12615.63   9622.19   6292.54   3573.27   1743.37    691.47    189.06     14.77  71157.86 
3.00     0.00      0.54     35.83    532.07   2913.51   6723.76   9719.73  10432.41   9059.79   6675.04   4255.69   2347.73   1105.27    422.79    113.53      8.56  54346.25 
3.20     0.00      0.95     50.56    644.65   3130.19   6568.19   8737.15   8656.12   7012.10   4884.57   2989.49   1613.72    755.66    291.22     77.83      5.41  45417.81 
3.40     0.02      2.45     79.92    800.30   3366.59   6447.77   8130.10   7828.95   6224.30   4269.23   2589.52   1385.05    638.61    238.20     61.62      4.16  42066.79 
3.60     0.05      4.95    106.24    817.31   2899.22   4950.47   5714.94   5160.25   3889.30   2544.91   1466.21    742.69    326.62    116.78     29.31      1.82  28771.07 
3.80     0.06      5.07     92.58    638.93   2107.63   3424.24   3823.35   3342.11   2447.05   1551.04    865.25    426.52    180.39     61.73     14.28      0.83  18981.06 
4.00     0.16      7.68    109.29    651.76   1954.60   2984.05   3162.18   2653.04   1867.77   1143.92    618.17    294.37    122.27     42.20      9.84      0.68  15621.98 
4.20     0.14      7.12     93.68    520.52   1472.88   2125.96   2183.92   1811.69   1293.78    819.66    465.21    236.96    106.44     38.91      9.94      0.71  11187.52 
4.40     0.26      8.26     92.34    470.42   1262.65   1773.55   1774.15   1410.38    957.70    578.43    313.34    151.56     63.33     21.58      5.18      0.35   8883.48 
4.60     0.30      7.64     76.33    363.71    936.49   1271.68   1222.96    966.51    668.50    415.15    229.76    112.46     47.82     16.92      4.09      0.27   6340.59 
4.80     0.17      3.95     36.74    164.53    399.76    509.75    471.11    354.56    221.89    117.90     55.07     23.06      8.35      2.45      0.42      0.01   2369.72 
5.00     0.24      5.02     44.38    195.65    479.13    633.91    610.13    484.56    330.06    197.49    104.73     48.13     18.48      5.64      1.13      0.07   3158.75 
5.20     0.16      3.03     25.43    107.12    249.32    305.14    255.58    171.89    101.12     54.02     26.49     12.08      5.02      1.82      0.52      0.05   1318.79 
5.40     0.08      1.47     11.84     48.78    113.18    141.69    127.74     97.04     61.08     31.74     14.46      5.77      1.99      0.51      0.05      0.00    657.42 
5.60     0.13      2.12     15.83     60.43    132.79    166.29    156.42    124.36     86.88     52.24     26.90     12.30      4.92      1.63      0.39      0.03    843.66 
5.80     0.02      0.31      2.24      8.81     20.18     26.23     25.65     21.18     15.53     10.31      6.00      2.82      0.94      0.19      0.02      0.00    140.43 
6.00     0.01      0.15      1.05      3.98      8.59      9.55      7.18      3.51      1.05      0.21      0.05      0.01      0.00      0.00      0.00      0.00     35.34 
6.20     0.01      0.15      1.05      4.06      9.10     10.90      7.87      4.19      1.71      0.48      0.13      0.03      0.00      0.00      0.00      0.00     39.68 
6.40     0.02      0.31      2.24      8.86     20.32     25.58     21.21     13.73      7.13      2.96      0.91      0.18      0.02      0.00      0.00      0.00    103.47 
6.60     0.01      0.16      1.19      4.68     10.20     10.77      8.55      5.82      3.40      1.25      0.28      0.04      0.01      0.00      0.00      0.00     46.36 
6.80     0.00      0.00      0.00      0.00      0.00      0.00      0.00      0.00      0.00      0.00      0.00      0.00      0.00      0.00      0.00      0.00      0.00 
7.00     0.01      0.15      1.05      3.76      7.38      7.22      4.79      2.56      1.16      0.48      0.17      0.04      0.00      0.00      0.00      0.00     28.77 
7.20     0.00      0.00      0.00      0.00      0.00      0.00      0.00      0.00      0.00      0.00      0.00      0.00      0.00      0.00      0.00      0.00      0.00 
7.40     0.00      0.00      0.00      0.00      0.00      0.00      0.00      0.00      0.00      0.00      0.00      0.00      0.00      0.00      0.00      0.00      0.00 
7.60     0.00      0.00      0.00      0.00      0.00      0.00      0.00      0.00      0.00      0.00      0.00      0.00      0.00      0.00      0.00      0.00      0.00 
7.80     0.00      0.00      0.00      0.00      0.00      0.00      0.00      0.00      0.00      0.00      0.00      0.00      0.00      0.00      0.00      0.00      0.00 
8.00     0.00      0.00      0.00      0.00      0.00      0.00      0.00      0.00      0.00      0.00      0.00      0.00      0.00      0.00      0.00      0.00      0.00 
