.20     0.00      0.00      0.00      1.33      0.38      0.31      0.42      0.66      0.89      1.26      0.53      1.89      0.00      0.00      0.00      0.00      7.67 
.40     0.00      0.00      0.00      2.90      1.58      1.58      1.47      1.84      2.97      3.12      2.06      3.88      4.09      1.03      0.01      0.00     26.53 
.60     0.00      0.00      0.03      4.71      3.33      3.15      3.94      5.27      5.04      4.44      7.35      2.97      1.04      1.71      0.00      0.00     42.98 
.80     0.00      0.00      0.05      6.44      6.38      6.34      8.22      7.14      9.10      8.92      6.00      6.06      2.41      2.20      0.43      0.00     69.69 
1.00     0.00      0.00      0.11      9.20     11.58     11.70     13.51     14.22     11.61     11.80      8.56      4.81      2.64      0.27      0.03      0.00    100.04 
1.20     0.00      0.00      0.09     13.04     22.53     26.22     25.25     22.12     15.05     10.96      7.76      4.34      2.45      1.45      0.03      0.00    151.29 
1.40     0.00      0.00      0.20     15.22     31.43     38.90     35.48     26.99     18.23     12.70      6.04      2.89      1.06      0.93      0.07      0.00    190.14 
1.60     0.00      0.00      0.19     22.62     55.70     51.43     40.98     28.32     18.01      8.32      3.84      1.59      0.60      0.16      0.00      0.00    231.76 
1.80     0.00      0.00      0.50     29.67     80.07     70.74     48.12     26.94     14.71      8.55      3.37      0.96      0.44      0.05      0.00      0.00    284.12 
2.00     0.00      0.00      1.12     40.58    110.20     83.80     49.29     24.78     12.16      4.35      1.64      0.52      0.28      0.12      0.02      0.00    328.86 
2.20     0.00      0.01      2.48     64.35    126.62     68.76     33.96     13.35      5.18      1.74      0.50      0.18      0.08      0.00      0.00      0.00    317.21 
2.40     0.00      0.05      4.82     83.52    126.11     54.86     21.05      7.24      2.82      0.77      0.39      0.09      0.03      0.03      0.00      0.00    301.78 
2.60     0.00      0.08      9.42    100.62    107.57     32.89     10.77      3.61      1.07      0.38      0.13      0.02      0.06      0.00      0.00      0.00    266.62 
2.80     0.00      0.44     16.10     99.18     77.74     21.57      6.33      1.81      0.60      0.16      0.04      0.04      0.00      0.00      0.00      0.00    224.01 
3.00     0.00      0.54     22.94     81.58     40.84     10.12      2.95      1.00      0.23      0.13      0.02      0.00      0.00      0.00      0.00      0.00    160.35 
3.20     0.00      0.95     27.90     76.08     25.79      4.28      1.28      0.30      0.05      0.02      0.00      0.00      0.00      0.00      0.00      0.00    136.65 
3.40     0.02      1.86     31.26     44.81      9.49      1.12      0.32      0.07      0.04      0.00      0.00      0.00      0.00      0.00      0.00      0.00     88.99 
3.60     0.05      3.57     22.44     15.66      3.11      0.28      0.08      0.02      0.01      0.00      0.00      0.00      0.00      0.00      0.00      0.00     45.22 
3.80     0.06      3.47     14.96     11.16      1.32      0.23      0.04      0.01      0.00      0.00      0.00      0.00      0.00      0.00      0.00      0.00     31.25 
4.00     0.16      3.73      7.87      2.77      0.33      0.06      0.02      0.00      0.00      0.00      0.00      0.00      0.00      0.00      0.00      0.00     14.94 
4.20     0.14      3.82      4.87      1.35      0.02      0.01      0.00      0.00      0.00      0.00      0.00      0.00      0.00      0.00      0.00      0.00     10.21 
4.40     0.26      2.79      3.50      0.85      0.06      0.00      0.00      0.00      0.00      0.00      0.00      0.00      0.00      0.00      0.00      0.00      7.46 
4.60     0.30      2.07      1.24      0.07      0.00      0.00      0.00      0.00      0.00      0.00      0.00      0.00      0.00      0.00      0.00      0.00      3.68 
4.80     0.17      1.04      0.74      0.15      0.00      0.00      0.00      0.00      0.00      0.00      0.00      0.00      0.00      0.00      0.00      0.00      2.10 
5.00     0.24      0.68      0.20      0.00      0.00      0.00      0.00      0.00      0.00      0.00      0.00      0.00      0.00      0.00      0.00      0.00      1.12 
5.20     0.16      0.17      0.09      0.00      0.00      0.00      0.00      0.00      0.00      0.00      0.00      0.00      0.00      0.00      0.00      0.00      0.42 
5.40     0.08      0.15      0.00      0.00      0.00      0.00      0.00      0.00      0.00      0.00      0.00      0.00      0.00      0.00      0.00      0.00      0.23 
5.60     0.13      0.08      0.00      0.00      0.00      0.00      0.00      0.00      0.00      0.00      0.00      0.00      0.00      0.00      0.00      0.00      0.21 
5.80     0.02      0.00      0.00      0.00      0.00      0.00      0.00      0.00      0.00      0.00      0.00      0.00      0.00      0.00      0.00      0.00      0.02 
6.00     0.01      0.00      0.00      0.00      0.00      0.00      0.00      0.00      0.00      0.00      0.00      0.00      0.00      0.00      0.00      0.00      0.01 
6.20     0.01      0.00      0.00      0.00      0.00      0.00      0.00      0.00      0.00      0.00      0.00      0.00      0.00      0.00      0.00      0.00      0.01 
6.40     0.02      0.00      0.00      0.00      0.00      0.00      0.00      0.00      0.00      0.00      0.00      0.00      0.00      0.00      0.00      0.00      0.02 
6.60     0.01      0.00      0.00      0.00      0.00      0.00      0.00      0.00      0.00      0.00      0.00      0.00      0.00      0.00      0.00      0.00      0.01 
6.80     0.00      0.00      0.00      0.00      0.00      0.00      0.00      0.00      0.00      0.00      0.00      0.00      0.00      0.00      0.00      0.00      0.00 
7.00     0.01      0.00      0.00      0.00      0.00      0.00      0.00      0.00      0.00      0.00      0.00      0.00      0.00      0.00      0.00      0.00      0.01 
7.20     0.00      0.00      0.00      0.00      0.00      0.00      0.00      0.00      0.00      0.00      0.00      0.00      0.00      0.00      0.00      0.00      0.00 
7.40     0.00      0.00      0.00      0.00      0.00      0.00      0.00      0.00      0.00      0.00      0.00      0.00      0.00      0.00      0.00      0.00      0.00 
7.60     0.00      0.00      0.00      0.00      0.00      0.00      0.00      0.00      0.00      0.00      0.00      0.00      0.00      0.00      0.00      0.00      0.00 
7.80     0.00      0.00      0.00      0.00      0.00      0.00      0.00      0.00      0.00      0.00      0.00      0.00      0.00      0.00      0.00      0.00      0.00 
8.00     0.00      0.00      0.00      0.00      0.00      0.00      0.00      0.00      0.00      0.00      0.00      0.00      0.00      0.00      0.00      0.00      0.00 
