.20     0.00      0.00      0.00      1.31      0.32      0.24      0.19      0.19      0.61      0.03      0.01      0.01      0.00      0.00      0.00      0.00      2.91      0.01 
.40     0.00      0.00      0.00      2.74      0.78      0.81      0.52      0.67      1.03      1.25      0.31      0.01      0.00      0.01      0.01      0.00      8.14      0.59 
.60     0.00      0.00      0.03      4.23      1.42      1.20      1.52      1.27      0.52      0.37      1.23      0.04      0.63      0.00      0.00      0.00     12.46      1.49 
.80     0.00      0.00      0.05      5.79      2.13      1.56      2.16      1.20      1.11      1.97      0.40      1.22      0.07      0.01      0.19      0.00     17.86      3.20 
1.00     0.00      0.00      0.11      7.55      3.75      2.45      3.11      3.03      1.59      1.78      0.82      0.39      0.06      0.04      0.00      0.00     24.68      6.82 
1.20     0.00      0.00      0.09      9.86      6.39      4.50      3.67      2.70      2.05      1.41      0.33      0.24      0.05      0.00      0.00      0.00     31.29     10.16 
1.40     0.00      0.00      0.19     11.04      8.62      6.27      5.03      4.54      3.35      1.40      0.53      0.26      0.00      0.04      0.01      0.00     41.28     16.90 
1.60     0.00      0.00      0.19     14.68      9.92      6.36      4.87      3.66      2.21      1.04      0.33      0.02      0.00      0.05      0.00      0.00     43.33     23.03 
1.80     0.00      0.00      0.45     16.79     13.47      8.03      4.95      3.20      1.72      0.92      0.56      0.16      0.01      0.00      0.00      0.00     50.26     32.14 
2.00     0.00      0.00      0.98     19.39     15.48      8.00      3.92      2.16      1.46      0.39      0.34      0.04      0.02      0.00      0.00      0.00     52.18     41.54 
2.20     0.00      0.01      1.75     23.24     15.86      6.58      2.92      1.69      0.56      0.20      0.07      0.00      0.01      0.00      0.00      0.00     52.89     48.82 
2.40     0.00      0.05      3.10     25.53     15.56      4.46      1.88      0.70      0.30      0.15      0.12      0.01      0.00      0.01      0.00      0.00     51.87     53.59 
2.60     0.00      0.08      5.39     26.23     11.94      2.95      0.99      0.41      0.17      0.06      0.06      0.00      0.02      0.00      0.00      0.00     48.30     53.16 
2.80     0.00      0.44      7.95     23.02      8.67      1.94      0.68      0.14      0.10      0.02      0.01      0.00      0.00      0.00      0.00      0.00     42.97     47.23 
3.00     0.00      0.54     10.11     19.94      5.95      1.44      0.49      0.15      0.05      0.03      0.00      0.00      0.00      0.00      0.00      0.00     38.70     37.92 
3.20     0.00      0.95     11.49     16.65      3.34      0.53      0.15      0.07      0.03      0.00      0.00      0.00      0.00      0.00      0.00      0.00     33.21     31.83 
3.40     0.02      1.86     12.47      9.85      1.39      0.18      0.02      0.02      0.01      0.00      0.00      0.00      0.00      0.00      0.00      0.00     25.82     22.99 
3.60     0.05      3.57      9.96      4.37      0.53      0.04      0.04      0.00      0.00      0.00      0.00      0.00      0.00      0.00      0.00      0.00     18.56     12.61 
3.80     0.06      3.47      7.20      3.26      0.40      0.08      0.03      0.00      0.00      0.00      0.00      0.00      0.00      0.00      0.00      0.00     14.50      7.13 
4.00     0.16      3.73      3.93      0.99      0.20      0.01      0.01      0.00      0.00      0.00      0.00      0.00      0.00      0.00      0.00      0.00      9.03      3.24 
4.20     0.14      3.82      2.67      0.77      0.02      0.01      0.00      0.00      0.00      0.00      0.00      0.00      0.00      0.00      0.00      0.00      7.43      1.97 
4.40     0.26      2.79      1.97      0.34      0.03      0.00      0.00      0.00      0.00      0.00      0.00      0.00      0.00      0.00      0.00      0.00      5.39      1.36 
4.60     0.30      2.07      0.64      0.07      0.00      0.00      0.00      0.00      0.00      0.00      0.00      0.00      0.00      0.00      0.00      0.00      3.08      0.36 
4.80     0.17      1.04      0.59      0.15      0.00      0.00      0.00      0.00      0.00      0.00      0.00      0.00      0.00      0.00      0.00      0.00      1.95      0.12 
5.00     0.24      0.68      0.20      0.00      0.00      0.00      0.00      0.00      0.00      0.00      0.00      0.00      0.00      0.00      0.00      0.00      1.12      0.00 
5.20     0.16      0.17      0.09      0.00      0.00      0.00      0.00      0.00      0.00      0.00      0.00      0.00      0.00      0.00      0.00      0.00      0.42      0.00 
5.40     0.08      0.15      0.00      0.00      0.00      0.00      0.00      0.00      0.00      0.00      0.00      0.00      0.00      0.00      0.00      0.00      0.23      0.00 
5.60     0.13      0.08      0.00      0.00      0.00      0.00      0.00      0.00      0.00      0.00      0.00      0.00      0.00      0.00      0.00      0.00      0.21      0.00 
5.80     0.02      0.00      0.00      0.00      0.00      0.00      0.00      0.00      0.00      0.00      0.00      0.00      0.00      0.00      0.00      0.00      0.02      0.00 
6.00     0.01      0.00      0.00      0.00      0.00      0.00      0.00      0.00      0.00      0.00      0.00      0.00      0.00      0.00      0.00      0.00      0.01      0.00 
6.20     0.01      0.00      0.00      0.00      0.00      0.00      0.00      0.00      0.00      0.00      0.00      0.00      0.00      0.00      0.00      0.00      0.01      0.00 
6.40     0.02      0.00      0.00      0.00      0.00      0.00      0.00      0.00      0.00      0.00      0.00      0.00      0.00      0.00      0.00      0.00      0.02      0.00 
6.60     0.01      0.00      0.00      0.00      0.00      0.00      0.00      0.00      0.00      0.00      0.00      0.00      0.00      0.00      0.00      0.00      0.01      0.00 
6.80     0.00      0.00      0.00      0.00      0.00      0.00      0.00      0.00      0.00      0.00      0.00      0.00      0.00      0.00      0.00      0.00      0.00      0.00 
7.00     0.01      0.00      0.00      0.00      0.00      0.00      0.00      0.00      0.00      0.00      0.00      0.00      0.00      0.00      0.00      0.00      0.01      0.00 
7.20     0.00      0.00      0.00      0.00      0.00      0.00      0.00      0.00      0.00      0.00      0.00      0.00      0.00      0.00      0.00      0.00      0.00      0.00 
7.40     0.00      0.00      0.00      0.00      0.00      0.00      0.00      0.00      0.00      0.00      0.00      0.00      0.00      0.00      0.00      0.00      0.00      0.00 
7.60     0.00      0.00      0.00      0.00      0.00      0.00      0.00      0.00      0.00      0.00      0.00      0.00      0.00      0.00      0.00      0.00      0.00      0.00 
7.80     0.00      0.00      0.00      0.00      0.00      0.00      0.00      0.00      0.00      0.00      0.00      0.00      0.00      0.00      0.00      0.00      0.00      0.00 
8.00     0.00      0.00      0.00      0.00      0.00      0.00      0.00      0.00      0.00      0.00      0.00      0.00      0.00      0.00      0.00      0.00      0.00      0.00 
