.10     0.00      0.00      0.19      4.22     34.28    122.25    287.27    535.44    867.85   1236.72   1529.59   1655.64   1526.70   1131.79    567.36     77.05   9576.35 
.20     0.00      0.01      0.54      8.82     64.20    220.09    509.70    943.89   1468.70   2005.47   2420.72   2557.97   2318.95   1720.98    870.22    119.35  15229.61 
.30     0.00      0.02      1.19     19.37    140.70    481.60   1142.68   2154.45   3388.74   4563.60   5373.31   5525.40   4871.95   3475.17   1704.44    232.84  33075.46 
.40     0.00      0.01      1.25     24.66    195.26    717.63   1707.86   3171.94   4885.29   6479.80   7513.09   7609.64   6592.70   4660.55   2254.50    300.94  46115.12 
.50     0.00      0.06      2.83     43.30    306.43   1057.90   2446.00   4377.08   6563.43   8586.49   9884.23   9970.75   8652.00   6116.18   2961.63    392.56  61360.87 
.60     0.00      0.10      4.42     65.63    451.98   1509.52   3443.37   6109.08   9080.24  11684.10  13181.20  13007.06  11004.25   7540.75   3562.51    461.16  81105.37 
.70     0.00      0.11      5.40     82.23    574.96   1957.67   4543.73   8006.05  11595.66  14490.67  15939.64  15371.45  12712.30   8513.35   3901.67    489.15  98184.04 
.80     0.02      0.98     21.78    231.38   1303.46   3781.44   7724.81  12575.93  17334.88  20647.52  21502.14  19568.60  15284.53   9726.20   4266.66    507.67  134478.00 
.90     0.05      1.99     37.12    349.78   1796.27   4838.48   9181.31  13880.79  17826.50  20053.36  19967.98  17485.40  13148.60   8016.62   3357.21    374.53  130315.99 
1.00     0.07      2.88     52.72    475.49   2338.06   6061.10  11065.70  16112.71  19832.52  21252.66  20117.20  16805.39  12104.38   7070.31   2820.29    301.52  136413.00 
1.10     0.20      7.31    117.02    929.75   4032.32   9256.72  15099.79  19781.80  22044.82  21514.14  18547.50  14066.64   9213.45   4920.47   1809.77    183.98  141525.68 
1.20     0.18      6.28     92.73    671.89   2657.93   5555.70   8279.83  10051.31  10468.73   9598.32   7808.37   5600.60   3453.28   1721.54    612.68     61.69  66641.06 
1.30     0.32      9.24    120.15    792.54   2922.74   5828.67   8465.05  10033.81  10133.76   8906.49   6898.73   4681.07   2724.43   1297.79    424.19     41.89  63280.87 
1.40     0.26      6.86     82.33    503.22   1723.39   3190.28   4361.53   4923.20   4781.93   4092.15   3119.15   2123.21   1262.40    619.84    210.64     18.35  31018.74 
1.50     0.17      4.06     44.31    249.08    795.51   1400.64   1814.99   1924.51   1769.45   1445.33   1055.67    689.81    392.83    179.75     57.07      4.91  11828.09 
1.60     0.05      1.13     11.50     59.53    173.63    277.59    323.35    305.53    249.42    184.70    127.55     81.72     46.66     22.81      7.93      0.59   1873.69 
1.70     0.02      0.40      3.70     17.12     43.89     59.77     58.57     49.46     35.09     19.43      9.49      4.72      2.44      1.05      0.31      0.04    305.50 
1.80     0.00      0.00      0.00      0.00      0.00      0.00      0.00      0.00      0.00      0.00      0.00      0.00      0.00      0.00      0.00      0.00      0.00 
1.90     0.00      0.00      0.00      0.00      0.00      0.00      0.00      0.00      0.00      0.00      0.00      0.00      0.00      0.00      0.00      0.00      0.00 
2.00     0.00      0.00      0.00      0.00      0.00      0.00      0.00      0.00      0.00      0.00      0.00      0.00      0.00      0.00      0.00      0.00      0.00 
2.10     0.00      0.00      0.00      0.00      0.00      0.00      0.00      0.00      0.00      0.00      0.00      0.00      0.00      0.00      0.00      0.00      0.00 
2.20     0.00      0.00      0.00      0.00      0.00      0.00      0.00      0.00      0.00      0.00      0.00      0.00      0.00      0.00      0.00      0.00      0.00 
2.30     0.00      0.00      0.00      0.00      0.00      0.00      0.00      0.00      0.00      0.00      0.00      0.00      0.00      0.00      0.00      0.00      0.00 
2.40     0.00      0.00      0.00      0.00      0.00      0.00      0.00      0.00      0.00      0.00      0.00      0.00      0.00      0.00      0.00      0.00      0.00 
2.50     0.00      0.00      0.00      0.00      0.00      0.00      0.00      0.00      0.00      0.00      0.00      0.00      0.00      0.00      0.00      0.00      0.00 
2.60     0.00      0.00      0.00      0.00      0.00      0.00      0.00      0.00      0.00      0.00      0.00      0.00      0.00      0.00      0.00      0.00      0.00 
2.70     0.00      0.00      0.00      0.00      0.00      0.00      0.00      0.00      0.00      0.00      0.00      0.00      0.00      0.00      0.00      0.00      0.00 
2.80     0.00      0.00      0.00      0.00      0.00      0.00      0.00      0.00      0.00      0.00      0.00      0.00      0.00      0.00      0.00      0.00      0.00 
2.90     0.00      0.00      0.00      0.00      0.00      0.00      0.00      0.00      0.00      0.00      0.00      0.00      0.00      0.00      0.00      0.00      0.00 
3.00     0.00      0.00      0.00      0.00      0.00      0.00      0.00      0.00      0.00      0.00      0.00      0.00      0.00      0.00      0.00      0.00      0.00 
