.10     0.00      0.01      0.76     13.70    104.44    373.63    914.95   1773.49   2828.68   3842.58   4550.65   4706.04   4159.77   2984.19   1481.45    207.94  27942.28 
.20     0.00      0.00      1.22     25.53    207.70    766.49   1856.88   3536.80   5543.51   7436.92   8721.34   8963.29   7931.85   5669.50   2790.43    366.12  53817.58 
.30     0.00      0.05      3.47     58.28    424.85   1448.81   3430.31   6338.64   9667.14  12613.15  14340.25  14152.72  11912.60   8104.54   3804.68    478.20  86777.69 
.40     0.00      0.04      4.26     80.21    606.16   2101.16   4864.35   8698.52  12846.47  16219.85  17728.88  16837.77  13685.24   8996.47   4024.55    485.92  107179.85 
.50     0.00      0.18      8.65    129.70    885.49   2898.82   6294.33  10609.28  14798.21  17647.42  18264.51  16370.76  12443.17   7586.16   3142.30    365.29  111444.27 
.60     0.00      0.29     13.17    189.37   1240.94   3907.79   8309.83  13749.77  18657.89  21668.14  21917.07  19327.05  14554.87   8824.00   3650.58    396.72  136407.48 
.70     0.00      0.24     13.98    216.06   1444.43   4532.21   9495.32  15288.58  20209.75  22653.83  21992.40  18499.86  13189.30   7497.80   2898.44    308.29  138240.49 
.80     0.01      0.97     30.12    364.17   2108.87   5959.45  11367.84  16938.63  21007.80  22336.74  20619.54  16490.50  11181.84   6109.30   2275.91    228.74  137020.43 
.90     0.02      1.66     44.19    481.02   2571.80   6843.61  12398.01  17321.24  19997.99  19717.90  16849.27  12477.10   7851.72   3961.22   1357.95    128.50  122003.20 
1.00     0.03      2.34     57.69    580.60   2866.16   7001.20  11762.32  15421.57  16823.21  15854.05  13130.69   9535.11   5955.12   3012.13   1048.76     98.51  103149.49 
1.10     0.05      3.34     71.49    652.90   2996.55   6893.24  10812.87  13291.51  13672.40  12180.81   9509.78   6520.57   3841.01   1820.70    592.09     52.83  82912.14 
1.20     0.08      4.80     91.20    743.24   3093.13   6581.63   9773.04  11511.34  11406.73   9777.60   7346.47   4853.95   2769.53   1288.10    415.63     35.92  69692.39 
1.30     0.10      5.04     84.94    635.62   2462.83   4884.23   6802.54   7517.90   7066.69   5801.27   4205.00   2681.36   1476.90    664.96    206.21     16.75  44512.34 
1.40     0.21      7.08     98.08    647.39   2283.77   4214.17   5505.09   5775.63   5153.41   4054.64   2851.47   1786.65    969.65    427.74    129.37     11.42  33915.77 
1.50     0.16      5.37     71.22    452.54   1552.68   2832.08   3693.49   3839.06   3355.64   2570.61   1744.15   1042.88    541.12    235.18     71.08      5.57  22012.83 
1.60     0.25      6.78     78.10    442.12   1372.27   2262.47   2653.35   2524.82   2068.43   1497.83    971.30    560.52    280.16    114.79     32.17      2.66  14868.02 
1.70     0.21      4.98     52.27    275.17    804.93   1261.47   1402.77   1254.24    978.02    677.36    419.31    230.91    110.84     43.78     11.68      0.80   7528.74 
1.80     0.12      2.53     24.13    118.18    326.58    491.58    526.77    439.98    307.35    186.59    101.42     50.09     21.39      7.35      1.48      0.07   2605.61 
1.90     0.09      2.03     19.97     97.31    263.64    383.79    441.27    450.52    413.93    339.26    245.49    152.48     78.28     31.98      9.30      0.80   2930.14 
2.00     0.11      2.03     17.35     77.73    196.81    266.51    265.10    216.76    149.29     89.14     47.85     23.28     10.04      3.64      0.93      0.09   1366.66 
2.10     0.07      1.35     12.01     55.61    147.46    221.28    240.91    218.83    171.04    119.59     73.53     39.46     18.33      6.88      1.64      0.12   1328.11 
2.20     0.02      0.38      3.29     14.62     36.92     52.06     57.52     52.26     40.82     27.05     15.92      8.28      3.68      1.24      0.28      0.02    314.36 
2.30     0.00      0.00      0.00      0.00      0.00      0.00      0.00      0.00      0.00      0.00      0.00      0.00      0.00      0.00      0.00      0.00      0.00 
2.40     0.01      0.19      1.61      7.24     19.01     29.30     32.39     27.43     20.06     12.53      6.83      3.36      1.56      0.58      0.15      0.01    162.26 
2.50     0.00      0.00      0.00      0.00      0.00      0.00      0.00      0.00      0.00      0.00      0.00      0.00      0.00      0.00      0.00      0.00      0.00 
2.60     0.00      0.00      0.00      0.00      0.00      0.00      0.00      0.00      0.00      0.00      0.00      0.00      0.00      0.00      0.00      0.00      0.00 
2.70     0.00      0.00      0.00      0.00      0.00      0.00      0.00      0.00      0.00      0.00      0.00      0.00      0.00      0.00      0.00      0.00      0.00 
2.80     0.00      0.00      0.00      0.00      0.00      0.00      0.00      0.00      0.00      0.00      0.00      0.00      0.00      0.00      0.00      0.00      0.00 
2.90     0.00      0.00      0.00      0.00      0.00      0.00      0.00      0.00      0.00      0.00      0.00      0.00      0.00      0.00      0.00      0.00      0.00 
3.00     0.00      0.00      0.00      0.00      0.00      0.00      0.00      0.00      0.00      0.00      0.00      0.00      0.00      0.00      0.00      0.00      0.00 
